  14  10 131 140 170 221 212 156 215 180  79  95  11  17  44
 219  81  32 184  87  52  12 205   6 208 101 200  88 158  62
 128  57 188  34  35 171 182 160 220  48 129  99 117  80  47
 202 121  75 216  68  58   8 183  65  27 194 134  43 195 106
 201 130  42  82  98 132 152  70  69  46 123 217 148  83 102
  31 185 127  30 199  73  97  54  41 153  71 164 224  72 174
 112  74  92 165 115   5 108  33 193 162 190  25 116 196 109
  22 225  66 214 173 142 154   2  39 133  63  19  76 169 198
 167 146 114   4  36 192 143  40  67  49 136  50 147 218 186
 159   3  37 204 155  56   7 139 177 197 125 141  84 122  89
  61 210 105  26  96  29  94 135 120 203 103 178 207   9 119
  15  78 213 172   1  51 223  85  77 110  60 211 181 107 111
  91 151 222  21 149 168 187  53 124  86 144  45  23 118 113
 209  18 161  28 150 166 100 189 137  55 157  24 104 138  59
  64 206  90 175 163 179  16 191 145  38  20  93 126  13 176