  26  20 191 177  73 220 159   6 160 117 170  23  13 135 205
 176 169 120 119  42 130 116 162  46  32 105  85 210 181   2
 134 167   4  31 152  18 172  91 158 108 206 195  17  97 145
 144 131  61 202 209 155   9 211  82 150 225  24   3   1  88
 185 196 128  22  30 188 154  80  99 179 113  29  28 143 121
  54 174 127  38 208  57 149  44  36  62  35 223 201 219  68
 192 156  84  59  34  96 190 146  86 178  65  95 137 122  55
  41 183 106  33 203 111  56 214 141 204  21 171  67 129  15
  92   5 125 180  63 213  53  43   7 138 151 118 222 110 175
 114  70 200  87  49  58  37 107 198 215  11 112 193  78 166
  64 157  50  40 199  69   8 103  74 126 136 153  79 221 216
 173 123 139 224  71  76 168  83 186  14  89 124 140  66  19
 148  47  72 194 133 163 147 189  93  27 161 218  39  16  48
  10  45 184  77 217  60 187 101 132  51 109 100 182  75 165
 142  52 104 212  12  81  90 115 197  94  98  25 164 102 207