  40  10 219 119 160 157 145 176   4  49 184 132   5 137 158
  25 194  26  36  52  15 217  29  48 210 214 220  77 222 110
 123 183 199  46 103  62  74  14 179   1 213 206 169  43  80
 204  12  18  37 109 197  11  76 202 192 175  60 164  86 152
 139 156  96  23  97 180  79  81 128 129  70 193 120 153  51
 177 142 223 201 224 106  27  94   2 115  34  45  38  67 200
  84 108 102  91 186  63 155 181 107 208 117  28  47 209   9
  92 205 135 111  33 159  66 190  98  30  54 127 203  59 133
 178 146  61 174  21   7  16 170  58 168 118 187 101 212  78
  93 144 171 149 125 121  73 151  83 134  69  17 113  64 188
  44  75 100  89 122  50 172 141 105  82  88 198 189  24 216
  31 114   8 165  65 211 148 112 140 173 191  71  55 126  85
 196 131  90 124 195 138 215  39 218  95  19  13 130  35  57
 182   3  22 163  41 161 147  20 116  56 143 166 185 154 136
  87  72 225 167 162  68 150 221 207  53   6  32  99 104  42