 131 664 746 550 625 378 810 144 336  96 484 707 494 320 232 332 763 556 352  33 850 326 640  25 473 237 860 284 868 199
 676 213 635 242  97 287 769 666 416 554  11 864 846 617 264 305 251 154 852  64 565 785 385 877 209 781 729   9  21 371
 263 598 593 413 302 849 540 444 258 645 143 821 773 467 472 744 605   4 114 647 570  94 787 341  51 417 506 440 576  38
 470 364 404 346 813 158 630 310 153 176 314 253 894  10 502 619 699 511 881 215 776 478 601 274 747 198 574 581  87 477
 483 622 789  63 684 772 107  93 768 179 695 446 186  40 247 234 382 156 692 308 414 671 398 304 815 704 391 871 577 424
 323 265  80 476 626 529  52 146 324 615 533 360 590 650 641 429 848 480 372 869 171 777 281 293 458 155 442 597 299 834
 788 797 412 331  88 282 623  35 618  36 682 697 212 561 741 162 674 163 637 500 534 196 817 691 108 415  30 522 373 790
 278 628 736 530 496 361 749 683 460 174 543 280 594 350 238 142 501 715 369  67 519  34 687 584 515 888 351  39 269 735
 286 634 366 347 358 822 214 408  75 700 728 876 499 166 898 633  81 553 653 796 277 115 100 103 481 135 786 723 491 211
 285 367 589 226  31 816 433 210  59 812 800 397 241 753 509 159 290 514 151 338 874 859 168 410 532 445 288 475 677 807
 359 808  43 513   6 538 182 421 340 872 409 148 376 479   1 646 236 591 765 427 457 309 712 733 498 463 820 573 139 651
 189 724 387 629  70  76 642 835 283 889 121 374 899 607 694 831 678  90 178 855 400  46  98 879 803 197 165 381 275 220
 505  28  19  13 216 883 469 827 890  85 425 301 254 882 185 399 804 794 539 268 438 486 825 206 665 880  89 130 886 124
 510 160 654 870 760 363 844 639 250 243 657 681 562 245 504 334 229 471 193 873  41 262 380 384 170 327  73 643 719 474
  14 423 610 775 716 316 551 342 259 743 129 125 279 434 161 393  66 757 517 673 791 319  15 388 713 575 706 895 602 228
 572 542 401 464 833 443 303 257 731 321 795 537 828  18 600  55 799  78 761  58 407 582 535 546 113 755 780  17 289  95
 441 468 701 235 863 133  79 661 896 106 745  69 740 559 315 734 126 717 462 893 727 406 389 218 273 267 172 298 620 202
  27 754 333 392 523 751 793 660 721 134 566 208 246 596 659 603 861 222 312 294 138 842 201 221 276 203 604 614 432 329
 689 105  49 526 818 503  26 485 624 191  44 658 549 636 571  72   8 838 858 466 718 672 270 841 300 101 752 230 149 766
 454 370 708 693 564 396 802 580 599 662  42 456 357 430 295  50 252  48 771 722 240 439 200 521 379 450 437 667 256 675
  83 588 459 552 261 169 778 173 742 355 322 403 335 839 255 897 714 377 147 488 851 823 117 595  65   2 783  68 548 726
 856  60 885 756 857 495 330 449 587 545 489 177 426 307 120 560 627 748   7 140 296 686 109  99 829 194 531 318 141 891
 792 164 343 118 679 811 128 801 272 611 217 696 690 806  16 900 311 490 353 390 145 644 648 836  32 612 411 190 386  23
 525 782 111  45 205 339 137 798  74 482 419 586 104 685 655 739 616 865 878 249 150 436 652 260 224 887  53 313 508 738
 493 123 362   3 227 507 365  22 710 544 867 195  56  29   5 405 231 375 402 840 487 784 688 558 832 524 585 762 854 680
 569 711 431 770  57 884 830 826 395 451 705 110 344 703 814 328 175 102 127 271 183 167 455 497 492 345  77 774 266 656
 779  37 512 862 244 368  82 547  47 845 758 448 349 188 541  71 663 767 248 233  62 592 875 136 609 730 819 732 184 187
 698 805 465 563 119 180 152 192  92 356 225 527 606 297 847 649 809 669 112 354 420 422 291 853 568 725 157 116 668 578
 516 394  84 453 764  20 528 555 670 557 428 892 132 750 824 638  12 292 631 447 579 239 348 122 583 520 337 621 518  61
 461 317 608 759 613  86 567 306 866 536 219 223  54  91 709 452 204 418 181 737 435  24 843 720 702 383 207 632 837 325