 192 501 512 126 286 444 749 150 429 812 649 755 116 100 847 395 619 810 106 318 254 678 435 503 326 826 264 470 312 531
 610 613 876  84 159  73 883 256  76 615 347 160 706 742 285 813 138 153 367 793 194  61 559 641 650 421 623 431 746 440
 337 130  38 215 551 103 483 295 493 688 463 533 257 735 680 850 639 227 733 139 796 313 271 598 329 753 297 691 771 107
  67 843 522 844 857 570 461 593 123 816  57 890 666 385 532 270 424 423 308 358 659  99 655 457 181 513 255 167 391 129
 663 779  39  50 287 719  48 783 292 792 481 572 836 173 228 155 180 672 894 247 567 166 504 316 651 434 638 299 682 368
 720 412 327 447  68 462 174 854 647 700 540 363 293 538 508 164 184 384 157 817 849  77 842 374 338 757 729 317 351 122
 861 109 127 738 291 846 249 882  27 645 835 605  24 225 219 307 349 656 207 899 718 743 507 815 341 266 334 243 205 242
 474 132 879 394 281 402 304 357 300 309 730  69 744 667 673 625  26 831 311 528 241 814 571 115 550 834  63 704 494  93
 543 209  82 888 703 371 445 414 869 829 797 315 468 657 618 597  71 278 536 201  52 364  44 705 487  40 798 330  46 758
 322 320 288 545 716 581 765 336 775 686 898 451  43 339 147 684 708 751 267 452 549  95 118 141 485 472 889 331 182 179
 845  49 776  74 199 273 838 290 186 774  22 178 226 206 622 636 791 592   5  79 897 832 486 887 163 283 515 789 502 500
 766 239 224 881 640 433 172 841 714 353 436 750  55 575 711 111 565 344 149 366 833 328 134 143 555 413 259 821 471 233
 362 607 606 335 877 772 268 770 406 346  34 235 499 306 333 823 695  80 407  70 284 840 582 518 198 516 248 701 653 144
  23 583 458 855 669 537   3 439 124  36   1 441 741 403 670 724 348 602 777 600 203 386 265 662 578 885 359 258  78 807
  30 410 446 824   7 614 576  60 356 105 390 117 871 491 319 573 642 541 654 279 350 603 162 450 187 631 868 652 880 427
 430 505  41 260 874  75 432 222 102 526 794 692 683 240 595  98 721 352 803 892 343 378 580 131 530 681  16 634  85 800
 355 891 314   6 864 675 588 133 710 152  96 875 878 234  45 236 782 574 852 455  88 114 872   9 806 325 671 365 189 361
 399 586 589 185 747 599 169 780 566 408 232 188 213 113  19 524 900 230 244 229 674 732 827  15 707 478 596 375 587 604
 121 274 218 760 646 302 489 409 464 165 411 553 282 517 629 893 556 269 709 611 171 156 546 761 648 305 690 145 790  25
 563 808 488 373 397 216 584 324 851  10 626 787 276  83 261 784 853 585 740  97  66 419 873 510 557  20 521 298  86 459
 280 635 781  28 520  91 818 819 211 277 689 246 251 193 190  18 676 221 422 697 473 726 128 321 866 795 702 381 677 383
 661 644 360 112  33 558 477 176 694 170 202 685 253 848  56 858 354 884  54 734 822 658  31 523 275 238 369 579 438 769
 786  59 449 762  17 608 768  94 389 759  92  64 863 548 497 289  37  51 859 809 492 495 630   8 148 568 561 620 506 687
  72 799 303  47 183 737 476 392 712 465  87 237 773 214 828 200 250 837 416 896  58 376 547 212 839 542 754 296 428 539
 767 382 509 609 136 425 168 637 466 717 865 860 856 801 591 108  32 633 802 142 490 679 380 601  53 120   2 161  81 442
 725 220 564 895 418 104 405 393 175 628 496 263 217 456 332 208  21  14 197 632 479 805 294 830 820 552 404 372 811 785
 535 110 420 778 713 748 401  12 867 158 400  90 475 788 119 514 482 417 562 398   4 870 196 722 469 396 370 627 151 723
 262 569 739 460 560 484 612 763 454 480 527 101 387 699 727 426 664 323 453 154 529  89 745 140 342 252 146 616 345 467
 534 660 736 415 544 245  42 731 443  65 728 886 340 377 519  11 617 577  13 498 756 231  35 764 301 137 195 665 752 698
 210 437 804 525 272 448 668 310 594  29 590 554 223 862 715 621 191 204 511 125 624 388 696 643 135  62 379 177 825 693