 136 163 800 203  50 334 750 464 119 730 575 138 736 753 786 757 337 349 432 532 900 239 579 695 445 604  18 338  31 522
 321 874 240 712 813  29 644 661 348 206 114 395 540 541 475 420 723 317 701 703 110  38 190 299 824 204 642 596 508 327
 628 766  81 201 677 501 790  10 335 400 195 633 386 585 165 572 233 537 658 310 234 320 732 720 630 841 129 845 104 297
 743 344 281 526 816 807 404 212  47 497 861 670 422 377 251 134 225  24 694 747 804 864 187 159 200 235 205 565 431 783
 452 605  65 835 219 389  72 449 862 509 679 752  49 499 319 296 287 103 448 274 755 382 407 423 717 767 479 128 597 697
 714 378 672 383 259 715 754 535 262 270 247 491 347 578 415 223 374 539 272 726  23 615  67 309  19 480 836 527 676 809
  70  42 111 210 729 785 814 507 552  20 371 237 304 453 668 817 748 725  93 543 193 194 687 401 427 590 802 601 593 228
 260 739 417 598  57 773 815 883 380  98 779 132 207 269 742 156 231 385 248 564  14 657 147 436 897 627 846 542 545  71
 276 710 430 515  30 324 765 660 209 620 854 293 606 550  11 100 406 848 635 673 777 594 477 513 402 227 148 113 600 149
 886 416 443 153 328 890  56 860 366 774   7 879  48 241 838  35 713 208 198 455 799 510  97 608 704 384 570 482 315 252
 851 435 588 188 622  80 665 577 326 284 500  85 894 563 120 662 372 868 379 288 781  36 699 257   9 566   4 339 637 840
 885 681 469 571 891 181 528 793 872 822 126 330  15 812 643 772 152 576  26 425 135 124 173  60 331  21 686 286 696 433
 791 392 412 414 724  22 599 690 245 238 559 847 810 461 410 142 823 852 230 818 133 164  77 521 446 246 151 332 784 182
 176 472 530 646 778   5 485  68 548 788 692 189 474 290 440 680 531 683 716 258 744 876 558 458 647  37 202 115 122 307
 808 462 828  99 106 706 689 243  27 387  82 792  44 282 399 396 486 354 641  87 856 671 880 137 544 758 273 666 261 551
 493  52 889 306 549 224   3 504 853 167 611 242 849 170 275 553 756 740   1  69 308 351 583 733 870 342 721 301 888 112
 844 560 859 476 105 130 390 787 516 161 737 158 645 797 581  32 471 121  74 650 333 177 118 881 196 820 172 887 255 582
 619 693 102 495 271 314 303 101 771 718 556 487 745 484 514 863  86 370 345 794 268 795 498 143  95 589 343 424 663  66
 418 580 249 375 746 289  25 524 806 609 265 411  39 316  94 192 873 232 171 789 353 728 831 801 518 291 674 624 236 456
 636  54 639 866 614 858 157 629 292 184  73 277 226 834 441 602 346 216  45 305 893  91 381 421 707 769 685 478 546 250
  84  16 141 451 664 362  17 368 367 117 398 365 468 154 842 833 764 776 584  58 768 322 654 667 896  96 892  75 434 882
 595 631  92   6 638 640 454 312 519 837 603 217 357 821 107 168 199 214 447 612 618  62 895 698 634 459 731 481 253 215
  61 285 651 460  41  89 144 442 591 607  55 702 825 655 355 867 811 523 675 466  34 735 496 652 185 388 358 829 197 336
 538 709 506 470 648 356 278 263 397 691 760 220 554  63 403 734 323 505 705  51 653 819 373 391 178 557 267 264  78 761
 221  28  79 741 568 360 759 444 875 174 465 780 562 341 467 146 555 613 738 376 123 843 682 352  64 363 871 179 160 586
 503 878 340 617 229 311 488 517 131 300 621 369 569 183 700 302 295 313 678 708 574 127 688 592 244 256 318  33 762 869
  13  88 502 511 169 884 763 116 473 749 166 684 656 429 536 587 294 428 770  83 457 751 409 329 266 649 490 492 632 139
  53 489 775 494 727 450 108 394 408 625  12 711 877 826  46 529  40 534 547 191 283 626 298 359 438 525 280 796 405 669
  76 719 426 211 439 857 180 393 805 413 830 419 218   2 573 855 222 125 561 798 533 145 512 325 150 463 567 350 483 865
 364 254 898 782   8 850 616 109 213 520 722 610  43 186 899  90 839 437 803 162  59 659 140 175 832 361 155 827 623 279