 191 354 723 706 872 353 421  45 686 618 422   1   8 500  86 261 223 654 477 458 662 197 430 709 160 792 789 648 759 310
 456 319 797 250  48 101 505 640 379  18 128 514 297  46 799 763 794 366 804 187 657  58 642  56 529 881 842 861 462 316
 467 683 557 117 257 699 294 692 370 814 140 673 610  26 853 695 612 184  89 884 837 444  36  63 830 690 364 329 136  70
 780 815 800 392 120 133 272 795 762 622 727 340 306  43 827 460  50 369 670 108 181 474 158 851 367 595 193 888 207 210
 254 121 722 710 730 255 395 864 679 538 569 757 561 513  83 155 211 745  67 400 175 788 248 352 566 510 667 588 214  78
 674 712 355 803 240 615 449 473 217 560 285 226 304 480 123 868 631 675 859 791 114 630 402 118 386 309 171  88 189 768
 403 446 728 658 365 471 225  30 613 111 525  82 119 621 787 656 892 342 156 812 251 717 109 508 496 324 389 882  59 738
 229 593 196  44 834  55 894 636 131 748 130 295 826 534 307 801 847 447 581 259 614 562 358 144 498 252 472 425 627 176
  16 582 419 495  65 587 493 785 858 790 243 129 368 769 541   9  99 153 182 652 546 237 890 896 746  35 321 639 742 228
 731 623 396  29 737 761 216 873 542  64 589 724 148 519 526  61 390 767 663 235 411  15 363 141 570 889 643 483 201 205
 778 598 179 245 404 482 333  52 276 599 452 253 440 415 317  91 438 751 382 878 391 543 432 839 190 322 113 554 883 885
 535 418 178 619 893 183 832 443 596 186 668 553 691 314 732 564  28 644 383 824  74 165 166 426 555 288 781  20 735  21
 337 264 343 320 716 450 221 234 296 451 703 558 242 887 233 163 293 161 681  72 527 688 843 840 219 517 743 344 682 487
 805 408 771 423  10 174 733 150 866 545 522 684 335 577 410 312 453 655  54 151 678  80 747 110 734  31 459 348 704 586
 385 284 469 532 548 626 659 433 833 405 407 603 436 774 491  79 772 646 137 602 713   5 604  47  71 754 409  27 299 465
 220 504 323 819 157 203 782 290 188  96 697 707 698 164 749 620  66  94 807 134 326 895 701 222 871 115 401 677 468 521
 334 607 241 345 632 551 406 173 578 195 752  41 263 777  98 694 291 793 547  77 637 860  24 575 376 533 572 549 127 867
 711 434 372 488 501 874 381 256  57  11  37 816 414 338 552 470 273 822 439 676 397 779 399 485 394 105 362 900 490 282
 811 669 854 718 855 112 828 283 442 230 308 841 124 507  17 625 850 429 760 125 218 103 448 857 238 162 289  40 275 497
 341 104 388 126 574 848  38 708 512 246  69 563 609 846 702 813 417 122 680 138 445 672 696 287 346 149 556 518 740 262
 484 180 286 660  73 199  68 313 311 880 420 898 606 280 278  49 371 530 427 741 269 224 729 665 875 831 820  60 479 509
 185 503 611 441  97 739 413 624 268 629 705  90 633 357 377 899 384 107 571 424 502 661 192 328 753 350 202 258 356 856
 336 725 715 492 499 540 597 647 719 755 798 265  92  76  42 351 590 227 135   3 300 524   6 825 617 298 653 765 486 437
 576 206  62 886  95 170 461 374 494 332 784 528 143 132 766 818 750 714 616 666 585 594 817  87   2 464 373 167  51 802
 823 457  53 142 559 244 650 651 523 775 580  14 645 177 431 387 271 773 249 152 879 808 776  22 200 720  75 172 796 511
 531  32 685 325 454 664 359 876 475 277 327 635 852 378 605 863 318 398 198 628 537  13 231 393 416 102 687 516 204 536
 159 463  23 600 315 489 331 567  33 756 232 641 208 726 689 891 877  39 601 786 260 270 592 608 106 349 476 544 301 583
 169 634 481 539 330 305 412 380  85 303 339 146 870 865 247  12 154 506 821 361 565 550 809 783 428 568 239 478 869 267
 515 693 139 584 835 862 209 194 147 116 236 591 838 849 573  81 360 100 266 455 671 215 292 758 764 736  19 466 806 145
 279  84 649   7 700 770 638  34 579 845 721 347 829  25 274   4 810 302 213 836  93 744 375 520 212 844 435 281 168 897