 176  98 326 790 364  76 297 857 664 412 577 188 286 257 369 875 284  48 817 477 827 853  43 259 815 561 374 334 518 693
 685 461 476 669 555 469  36 680 542 813 179  37 834 618 742 545 759  27  88 894 140 787  42  59 390 590  18 493 432 455
 399 351 298 202 795 487 739  92 254 575 719 311 692 348 424 449 467  93 379 783 755 838  74  35 162 667 404 381 636 706
   7 172 668 183 832 532 697 704 583   6 785 375 797   5 355 392 892 154 231 301 628 671 678 275 887 164  77 814 601  49
 841 237 802 306 691  65 840 402 770 687 263 863 422 751 637 147  19 368 426 255  25 215 748 564 104  85 175 442 767 598
  61   1 828 501 670 821 617 155 878 277 754 227 851 566 266 498 810  23 572 152 139 350 673 121 193 883 465 320 129 714
 111 322 292 749 804 587 735 253 715 447 212 789 711 794 347  38 414 341 185 420 503 823 818  15 216 530  21 526 415 382
 738 888 251 343 516 291  90  75 315 482 283 688 386 596 811 778 429 495 203 234 136 760 119 366 524 440 323 837 544 574
 293 728 621 439 239 126 858 135 310 630 746 552  84 606 393 413 650  10 793 609 737 209 361 740 173 391 780 563 302  24
 328 233 195 303 492 638 658 514 416  81 525 659 387  46 105 400 158 829 873 265 884 839 781 605  39 167 423 876 724  72
  12 448 153 744 258 798 757 809 890 305 214 250 723 677 217  55 184 683 489 581 831 538 296  28 523 510 458 238 602 244
 756 362 228 753 389 122 300 249 843 773 130 357 204 854 830 456 893 847 437 116 344 354 159 186  91  47 546 899 222 768
 187 897 383 242 248 168 225 866  51 509 452  16  97 210 689 197 782 318 624 235 586 825 733 846 247 550 816 703 114 699
 640 408 880 549 886  56 378 112 417  50 512 118 213 791 313 779 438 480  87 262 430 558 784 142 777 208 410 409 721 707
 321 889 338 428 431 807  79 224 661 407  63 642 506 243 845 732 200 729 713 717 459 141  32 720 131 325 614 634  86 398
 324 604 161 490 466 236 641 199 517 282 682 450  34 562 181 734 377 541 278 772 468 304 824 478 287 761 148 622 776 316
 806 479   9  62 229 644 620 709  44 150 481 553 803 499 385  33 589 835 696 198 427 333 486 730 312  83 718 750 472 380
 833 245  57 331 336 611 443 170 485 879 252 436   4 435 850 536 515 454 539 725 294 120 445 716 812  96 632 513 218 533
 309 484 346 335 165 852 582 548 163 474 462 712 895 701 547 100 289 741 371 710 676 101 299 103 649 666  31 171 281 752
 441 143 700 580 267 805 820 569  94 657 705 134 631 419  13 261 765  73 868 394  68 106 675 607 864 625 365 648  17 201
 856 117 585 128 500 576 747 556  52 358  26 870 774 610 110 230 645 844 220 679 149 180 290 527 370 340 418 384 519 855
 319 157 226 612 307 232   3 395 643 848 388 727 246  41 483 819 796 353 505 594 570 869 327 822 766 425 588  95 330  29
 332 451 836 591 280 146 145 849  20 764 694 656 151 799 190 537 317 865 219 269  14 521 124 592 731 633 639 133 665 352
 264 619 891  78 511 616 272 373 349 132 273 397 109 174 745 695  58 896 792 722 800 113 434 881 762 127 182 342 137 771
 882 206   2 308 557 862 534 446 529 654 600 166 743  80 599 345 508 788 663  45 859 463 708 372  82 144 801  99 196 274
 540 475 842 877 560 102 520 681 411 339 690 123 211 453 108 504 191 223 567  54 405  53 651  89 769 647 775 507 626 522
 268 898 177 494 271 497 270 256 543 363 826 900 885  60 221 401 662 337 433 406 367 356 595 573 241 786 623  11 726  69
 579 597 627 125 288 593 115 194 396 160 314 329 613 473 528 652 169 260 276 874 808 568 615 763 660 758 285 240 464 192
 736 684 457 674  30 421 359 872 584 470 686 502  67 444 653 554  66 565 107  70 178 207 496 646  71 698 871  40 672 635
 471 861 860 629 578 279 138 571 376 531  22 488 156 403 559 360 189 295  64 702   8 460 205 655 867 608 535 491 603 551