 272 738 386 558 423 247 637 344 525 479 716 707  10 752 305 207 187 720 292 131 223 568  35 739 815  65 508 549 861 516
 889 900 858 602  83 703 770   7 885 252 395 564 285   8 556 632  17 584 518  25 203 513 228 697 654 755  95 580 184  73
 225 866 310 215 763 433 717 865 597 649 250 166  46 217  55 851 623 376 557 307 411 417 328 473 638 369 560 871 288  72
 435  11 567 303 244 437 448 523 418 554 179 635 317 867 432 753 157 830 683 559 230 291 265 226 375 428 610 852 507 379
 133 882 613 308 220 653 590 231  92 316 393 264 836 165 333 630 345 615 275 668 898 254 794 485 356 627 475 492 301 271
 221 838 195 673 644 358 421 481   6 660 495 713  77 855 208 827 199 490 884 243 482 377 282  37 388 769 524 355  40 773
 431 295 385 105 819 270 459 576 130 237 695 410 628 162 600 696   1 206 424 671 765 153 828 582 640 274 192 367 878 636
 822 125 348 853 491 876 183 108 725 737 436 234 339 592 172 406 721 337  90 232 314 290 427 229 321 672 862 705 788  80
  70 781 419  75 412 870 624 167 843 750 810 469 200 512  94 322 470 669 569 829 136  66 892 143 293 758 246 140 445 441
 883 403 472 151 642 488 837 334 589 465 724  87 279 104 873 840 368 236 251 338 382 872 409 360 521 256 120 289 764 178
 174 749 629 422 343 138 429 142 626 535 659   5 880  74 784 135 664 777 262 541 874 555 456 863 798 313  82 496  89  21
 742 128  60 137 383 235 298 101 621 182  45 498 639 103 684 789 329 834 860 299 408 641 510 893 397  63 694 480 736 726
 735  26 743  97 859 341 273 357  47 503   9 415 277 461 585 359 816 281 257 890 538  79 751 605 504 156 587 831 746 387
 826 438 768 571  30 690 296 839 380 267 471 647 371  48 500 204 652 759 609 283 449 169 532 727 476 346 302 118 351 396
 320 570 188 261  99 398 663 723 160 611 517  88 114 191 248 266 460 790 326 430 238 846 648 805 501 370 601 833 704 546
 269 803 154  69  62  19 895 813 692 793 651 378  31 539 682 134 832 115 733 477 573  53 315 577  52 342 454 767 658 583
  56 119 240 676  34 489 340 364 185 463 802 330 547 440 817 670 715 800 688 158 300 181 693 708 493 608 598 506 227 268
 365 533 730 617 700 148 122 709 102 124  81 845 325 566  41 109 686 177 718 741 170 528 579 404 857 791 186 731 180 650
 201 278 146 896 680 886  78 366 897 782 486 324 799 574 159 656 514 536 362 381 622 678 147 349  24 284 581 242 394 193
 699 173 842 864 675 702 487 107 578 216 439 674 604 732 762  44 787 196 286 526 586 662 468 363 420 168  57  36 249 113
 786 484 327 792 677  49 260  71 785 263  23 844 497 607 712 529 294 210 756 176 809 446 835  58 593 149 466 163  43 811
 399 453  86 219 875 820  84 520  15 744 416  51 620 190 544 534 462 373 646 899 625 505  29 447 391 766 771 116 353 562
  32 553 881 747 405 543 123 335 509  12 868 818 645 814 527  18 145 304  14 729 761 689 202 112  42 667 714  93 494 719
 545 144 164 450 255 126 318 824 706 879 111 141  59  27 823 442 894 565 775 372 774 603 795  39 347 224 233 740 657 483
 106 239 591 575 323 352 213 801 522 259 679 458 806 614  33 402 464 309 194 698  38 797 245 258 772 594 117 595 701 760
 155 666 389 807 502 211 854 407 531 401 548 400 856 561 841 618 552  98 171 687  54 121 276 734  85 783 198 606  13 390
 812 542 253  76 209 722  28 643 757  64  50 754 306 796 205 596 869 374 563 474 150 212 825 444 850 161 728 127 414 511
 780  91 891 887 634 287 665 588 311 350 434 551 849 332 280 175  67 336  20 218 426 631 197 711 384 848 877 241 100 354
 451 619 361  96 499 425 888 478 129 779 312 297 612 808 110 655 222 616 710 214 331 685 392   4  61 457 540 139 778 847
 681  68 519 413 530 599 515 691 152 189 821 748 661 804 550  16   3   2  22 319 745 633 132 443 467 452 537 455 572 776