 1297 1285  329  528  989 1527  293 1595  540  665  134  323  861 1480  536  951  366  504  555  597  357  350  494 1140 1228 1225  780 1236  984  792 1383  825 1185 1229  879  725  121 1166  435  131
  456  345 1239 1468  415  538  546  950  541 1223  975 1280  285 1109 1525  242  238  166  479 1349  452  225 1534  678  682 1565  723 1025 1167 1015 1098  276 1138  330  685 1133  426  140 1224 1135
  905  649  705 1068  224  455 1261 1460  190 1309 1455  530 1350 1197 1108  430 1277  621  897  381   66  395 1435 1039 1281  348  339  259  865  993  840 1182  644  480  821  500 1029 1450  213  369
 1332  680  279 1206 1482  178 1093 1336  806 1210  730  252  168 1307 1476 1457  425 1099  215  422  761  788 1045  958  424  748 1064  375 1507  374  510   40  915  941  841   82  637  750 1504  603
 1043   63  982 1566  502 1042  585  291  513  358  347  929  481  109 1023   13 1157  898 1040  606   37 1310  609 1136  918  992 1329  799   25 1318 1244 1418 1049  641 1359  986  152 1552  172 1426
  769 1378 1221    8 1301 1183 1192 1519 1002  651 1195  663  689  346  305  643 1368   57  773  193 1278   28  828  180  402  562 1176  244  507   79 1008  694 1287   35 1571  700 1358 1483 1551  593
 1339  505  671  741  490  910  690   55  809  354  589 1382 1506  376  212 1459   94 1425  648 1054  390  919 1118  542  467 1508  594 1583 1314  858  234  698  751   11  927  654 1489  486  866 1302
 1026  240 1360 1380 1445   16  207  405  484   51  848  894  183  987  437 1546  544  423 1107  251 1313 1291 1063 1012 1180  736   56  413  283 1288 1477  687  776 1575 1320 1231 1328  142  270  745
 1175 1027  300 1085 1428 1443  261  873  921  158  525  146  925  599  702 1032 1087 1526 1404  163  778  845 1520  469 1174  461   68  896   12  672  922 1155  463  206  127 1393  470  933 1122 1554
  620  624 1268 1567  476  579 1305  409 1106  164  417  709 1308  362  169  659  948  318  956  125 1220 1038 1078  964  250 1196  582  997  632  760  521  327  626 1424 1324  588 1243 1103 1263  795
 1463  165  400  341 1077  457 1150 1532  944  288  567  561  296 1120 1240  781 1290  361  306  946 1296  727  256  580  273 1429  286 1499 1330  195  755 1186  889  679 1588  607  198  660  881 1421
  892  149  119 1097  136 1100  711 1458  482  827  734 1326 1004 1587 1245   72 1577 1513  389   71  914  733  945  554  432 1353   88  610 1293 1569 1191   36  581  995  875  516  634 1396   97  719
   21  737 1540  115 1597  557  321  159 1298 1315  782  442 1427 1557   70  162  592  116  445 1317 1515  598  145  407  551 1351 1158  667  803  613  826  611 1574 1345 1177  472 1539   69  765 1264
  960 1580 1564  939  333 1179  475 1376  884  774  560  746 1190  759  462 1003  104 1053 1090  309  703 1454  418 1079   38  399  688  254  612   92  757 1365 1081 1356 1260  386  856  319  391 1172
  231 1471  938  838  847 1547  185  849 1467   32 1600 1533  155  872 1381 1137   74  385  192 1563  211  416  260  465 1292 1478 1470  735   65  800  880 1511  668   19 1451  931 1073  126  208  664
  135 1434  311   83 1226  869 1006 1145  412 1184   89  241 1416 1134  811 1562  175  882 1209 1152 1579 1461  359  622   23 1010  497  837  176 1498  696   91 1070 1055  499  577  320  692 1199 1283
  742  784  878 1037  171  854 1270  130 1495  744  697  182 1395 1016   81  890 1242  443  123 1559  410 1500 1493  367  537  144 1205 1485 1074  349 1102 1034  167 1548   85   62 1581  633 1013  498
  365  396  635 1352  474  338  695  356 1432 1300 1091  491  701   54 1542 1399  595 1370  274 1159 1409   98 1405 1344 1411  290 1570   42 1311  501 1572 1474  326  156  170 1509  141  275   67  930
  118  636  248  324 1017  454 1282  829  819 1047 1464 1214  932 1387 1096  855  188  161  522  857  605 1189 1128 1410  249 1472 1161 1216  342 1149  464   99  204 1204  328  431 1126  796 1537  460
 1412 1325 1119  836 1257  337 1275  485  566 1101  707  363 1321  874  549  822  909 1438  233 1491 1212  506  325 1121  105 1342  675 1052   41 1413  236  877  220 1200   47  438  133  512  976 1169
  998  539 1021    3  302  246  715   87  614 1071  558   95  630  436  966  642 1490 1130 1394 1594  684 1347 1114  230 1331  928  433  830  823  937 1388 1181 1094 1112  647  221  420 1462  818  489
  382  779 1576  458  785  691   58  783  670 1494  199 1279  138 1406 1362 1233  994  245 1111  959  713  271  693  394 1586   80  619  448  508  568   96 1568  842  906  808 1364  953  657 1022 1322
  731  732  864  154 1144    9 1141  985 1014 1171  232 1591  550    1  870   59  999  669  771  534  427    5 1437  331 1431  805 1391  793 1585  378 1372  859   10  584 1173 1367 1235 1230 1366   20
  265 1125 1124  466  531 1582 1265  747  128 1170 1193  575 1420  576  340 1333 1160  716 1373  686   84 1433  886  519 1303 1000  103 1276  322   14 1375  962  957  364  282 1089 1062  446  151  617
  978 1448 1105  949  289 1151  714  205  767 1203  590  963  972  615  628 1599  147  888  564   75  903  916 1397 1215  377  403 1251  518  114 1558  209  893  556 1573  428  831  934  616   31 1447
 1334  255  591  967 1398  600  947  832  983  434  304  965 1400  334 1327 1402  623 1061  876  310 1304   78 1238 1555  756    2  287  602   33  656  728   39  677  895  258 1142 1060 1442 1354  971
  722  108  846  353  766   49 1178  801   18 1518  833 1163 1549 1086  281   53  996 1259  974  229  383  981  352 1390 1246  754 1384 1069  683 1481 1058 1253  523  111  743  117  487  360 1441 1422
 1512 1414  200  132  267 1452 1187  574   30  990  492  478  226  955 1312  223 1510  371 1529 1188   50  817  729 1544  587  814  717  191 1592  586  515 1355 1076 1092 1031 1267 1041   43  618  313
 1057 1486  444 1348  815 1487  440  942  968  421  553  789 1051  673 1024  153 1046  264  373 1154 1222 1271  570  384  253  885 1469  392 1415  495  317  332  247  926  639  913  816 1248 1403  335
  812 1083  106  526 1389 1341  336  101 1020 1590  883  899  777 1035  468  148   86 1168  979 1440  100  524  503  604 1560  307 1116 1479 1503    7  301 1075 1262  666 1266 1198    6  786 1536   34
  802 1466 1392 1337  511  662  787  187  277  596 1323  414  835 1456   15   17  923  724 1522 1273 1201  257 1056   29  235 1444 1496  753  655  920 1419  124  658  904  843 1530  726 1127   48   76
  216 1299  543 1153    4  578 1028 1286  871  954  708  798  565  143 1543 1407  488 1033 1357  674  196  189  355  839 1272  284  269  459  772  820  853  645 1254  699  520 1556  411 1237 1531 1211
 1123  952  834  219 1250  177 1501 1553 1005  681 1514   52  483 1011  943  237 1340 1377  278  450 1139  797  408  650  661  393  351 1319 1249  571  917  139  439 1241  370  907 1066 1202  569  652
  775  532  740  935 1295  940 1148  804 1528   64  292  299 1343  157  752  908  902 1379  860  653 1538  401  201  509 1019 1030  738  112  969 1001  545  863 1561  110 1252  638  640 1401  891  295
   73  988  447  911 1147  429  473 1050 1436  563 1516 1207  453 1095   46  583  721  398 1484 1269 1104 1439  315 1156 1164  548  316 1596 1306  936 1589  868  222   27  646  517  496  527  107  852
  676  150 1338 1082  762 1129  380   61 1289  712 1584 1505  217  308  768  239 1143 1423 1065  214 1036 1446 1274 1213 1473  179 1217  912  387  262  901  197  194  844 1115 1247  887  631  294  266
  749  404  419  449   60  573  813 1218  203 1227  379 1535  184  710 1346  850  181 1335  268  368  720 1294  535 1385  991 1517  372  961 1084 1502  186  791  397  202 1113  867 1284 1593  547 1408
   90  862   77 1232 1598  900  441 1110  263  272 1219  924  218  312  388 1545 1088  406 1132  764 1449 1523  137 1453  552  629 1521  810  122  625   22 1430 1465 1256  824  807  493  174 1117  770
 1417  627  706  559   26 1488  173 1369  970  533  980 1524   45  314 1374 1080  572 1072  514 1363  471   93 1018  451 1146  129 1234  228  977 1059  303  851 1475  529  608  477 1386 1131  704 1044
 1007  298 1541 1208  794  973 1492  113 1255  601 1162  758 1371 1165  297 1194 1361  343  739 1258  790 1067  344  102  160  280  227 1048 1578 1316  210 1009 1497 1550  120   44  763   24  718  243