  131  435 1166  121  725  879 1229 1185  825 1383  792  984 1236  780 1225 1228 1140  494  350  357  597  555  504  366  951  536 1480  861  323  134  665  540 1595  293 1527  989  528  329 1285 1297
 1135 1224  140  426 1133  685  330 1138  276 1098 1015 1167 1025  723 1565  682  678 1534  225  452 1349  479  166  238  242 1525 1109  285 1280  975 1223  541  950  546  538  415 1468 1239  345  456
  369  213 1450 1029  500  821  480  644 1182  840  993  865  259  339  348 1281 1039 1435  395   66  381  897  621 1277  430 1108 1197 1350  530 1455 1309  190 1460 1261  455  224 1068  705  649  905
  603 1504  750  637   82  841  941  915   40  510  374 1507  375 1064  748  424  958 1045  788  761  422  215 1099  425 1457 1476 1307  168  252  730 1210  806 1336 1093  178 1482 1206  279  680 1332
 1426  172 1552  152  986 1359  641 1049 1418 1244 1318   25  799 1329  992  918 1136  609 1310   37  606 1040  898 1157   13 1023  109  481  929  347  358  513  291  585 1042  502 1566  982   63 1043
  593 1551 1483 1358  700 1571   35 1287  694 1008   79  507  244 1176  562  402  180  828   28 1278  193  773   57 1368  643  305  346  689  663 1195  651 1002 1519 1192 1183 1301    8 1221 1378  769
 1302  866  486 1489  654  927   11  751  698  234  858 1314 1583  594 1508  467  542 1118  919  390 1054  648 1425   94 1459  212  376 1506 1382  589  354  809   55  690  910  490  741  671  505 1339
  745  270  142 1328 1231 1320 1575  776  687 1477 1288  283  413   56  736 1180 1012 1063 1291 1313  251 1107  423  544 1546  437  987  183  894  848   51  484  405  207   16 1445 1380 1360  240 1026
 1554 1122  933  470 1393  127  206  463 1155  922  672   12  896   68  461 1174  469 1520  845  778  163 1404 1526 1087 1032  702  599  925  146  525  158  921  873  261 1443 1428 1085  300 1027 1175
  795 1263 1103 1243  588 1324 1424  626  327  521  760  632  997  582 1196  250  964 1078 1038 1220  125  956  318  948  659  169  362 1308  709  417  164 1106  409 1305  579  476 1567 1268  624  620
 1421  881  660  198  607 1588  679  889 1186  755  195 1330 1499  286 1429  273  580  256  727 1296  946  306  361 1290  781 1240 1120  296  561  567  288  944 1532 1150  457 1077  341  400  165 1463
  719   97 1396  634  516  875  995  581   36 1191 1569 1293  610   88 1353  432  554  945  733  914   71  389 1513 1577   72 1245 1587 1004 1326  734  827  482 1458  711 1100  136 1097  119  149  892
 1264  765   69 1539  472 1177 1345 1574  611  826  613  803  667 1158 1351  551  407  145  598 1515 1317  445  116  592  162   70 1557 1427  442  782 1315 1298  159  321  557 1597  115 1540  737   21
 1172  391  319  856  386 1260 1356 1081 1365  757   92  612  254  688  399   38 1079  418 1454  703  309 1090 1053  104 1003  462  759 1190  746  560  774  884 1376  475 1179  333  939 1564 1580  960
  664  208  126 1073  931 1451   19  668 1511  880  800   65  735 1470 1478 1292  465  260  416  211 1563  192  385   74 1137 1381  872  155 1533 1600   32 1467  849  185 1547  847  838  938 1471  231
 1283 1199  692  320  577  499 1055 1070   91  696 1498  176  837  497 1010   23  622  359 1461 1579 1152 1209  882  175 1562  811 1134 1416  241   89 1184  412 1145 1006  869 1226   83  311 1434  135
  498 1013  633 1581   62   85 1548  167 1034 1102  349 1074 1485 1205  144  537  367 1493 1500  410 1559  123  443 1242  890   81 1016 1395  182  697  744 1495  130 1270  854  171 1037  878  784  742
  930   67  275  141 1509  170  156  326 1474 1572  501 1311   42 1570  290 1411 1344 1405   98 1409 1159  274 1370  595 1399 1542   54  701  491 1091 1300 1432  356  695  338  474 1352  635  396  365
  460 1537  796 1126  431  328 1204  204   99  464 1149  342 1216 1161 1472  249 1410 1128 1189  605  857  522  161  188  855 1096 1387  932 1214 1464 1047  819  829 1282  454 1017  324  248  636  118
 1169  976  512  133  438   47 1200  220  877  236 1413   41 1052  675 1342  105 1121  325  506 1212 1491  233 1438  909  822  549  874 1321  363  707 1101  566  485 1275  337 1257  836 1119 1325 1412
  489  818 1462  420  221  647 1112 1094 1181 1388  937  823  830  433  928 1331  230 1114 1347  684 1594 1394 1130 1490  642  966  436  630   95  558 1071  614   87  715  246  302    3 1021  539  998
 1322 1022  657  953 1364  808  906  842 1568   96  568  508  448  619   80 1586  394  693  271  713  959 1111  245  994 1233 1362 1406  138 1279  199 1494  670  783   58  691  785  458 1576  779  382
   20 1366 1230 1235 1367 1173  584   10  859 1372  378 1585  793 1391  805 1431  331 1437    5  427  534  771  669  999   59  870    1  550 1591  232 1171 1014  985 1141    9 1144  154  864  732  731
  617  151  446 1062 1089  282  364  957  962 1375   14  322 1276  103 1000 1303  519  886 1433   84  686 1373  716 1160 1333  340  576 1420  575 1193 1170  128  747 1265 1582  531  466 1124 1125  265
 1447   31  616  934  831  428 1573  556  893  209 1558  114  518 1251  403  377 1215 1397  916  903   75  564  888  147 1599  628  615  972  963  590 1203  767  205  714 1151  289  949 1105 1448  978
  971 1354 1442 1060 1142  258  895  677   39  728  656   33  602  287    2  756 1555 1238   78 1304  310  876 1061  623 1402 1327  334 1400  965  304  434  983  832  947  600 1398  967  591  255 1334
 1422 1441  360  487  117  743  111  523 1253 1058 1481  683 1069 1384  754 1246 1390  352  981  383  229  974 1259  996   53  281 1086 1549 1163  833 1518   18  801 1178   49  766  353  846  108  722
  313  618   43 1041 1267 1031 1092 1076 1355  515  586 1592  191  717  814  587 1544  729  817   50 1188 1529  371 1510  223 1312  955  226  478  492  990   30  574 1187 1452  267  132  200 1414 1512
  335 1403 1248  816  913  639  926  247  332  317  495 1415  392 1469  885  253  384  570 1271 1222 1154  373  264 1046  153 1024  673 1051  789  553  421  968  942  440 1487  815 1348  444 1486 1057
   34 1536  786    6 1198 1266  666 1262 1075  301    7 1503 1479 1116  307 1560  604  503  524  100 1440  979 1168   86  148  468 1035  777  899  883 1590 1020  101  336 1341 1389  526  106 1083  812
   76   48 1127  726 1530  843  904  658  124 1419  920  655  753 1496 1444  235   29 1056  257 1201 1273 1522  724  923   17   15 1456  835  414 1323  596  277  187  787  662  511 1337 1392 1466  802
 1211 1531 1237  411 1556  520  699 1254  645  853  820  772  459  269  284 1272  839  355  189  196  674 1357 1033  488 1407 1543  143  565  798  708  954  871 1286 1028  578    4 1153  543 1299  216
  652  569 1202 1066  907  370 1241  439  139  917  571 1249 1319  351  393  661  650  408  797 1139  450  278 1377 1340  237  943 1011  483   52 1514  681 1005 1553 1501  177 1250  219  834  952 1123
  295  891 1401  640  638 1252  110 1561  863  545 1001  969  112  738 1030 1019  509  201  401 1538  653  860 1379  902  908  752  157 1343  299  292   64 1528  804 1148  940 1295  935  740  532  775
  852  107  527  496  517  646   27  222  868 1589  936 1306 1596  316  548 1164 1156  315 1439 1104 1269 1484  398  721  583   46 1095  453 1207 1516  563 1436 1050  473  429 1147  911  447  988   73
  266  294  631  887 1247 1115  844  194  197  901  262  387  912 1217  179 1473 1213 1274 1446 1036  214 1065 1423 1143  239  768  308  217 1505 1584  712 1289   61  380 1129  762 1082 1338  150  676
 1408  547 1593 1284  867 1113  202  397  791  186 1502 1084  961  372 1517  991 1385  535 1294  720  368  268 1335  181  850 1346  710  184 1535  379 1227  203 1218  813  573   60  449  419  404  749
  770 1117  174  493  807  824 1256 1465 1430   22  625  122  810 1521  629  552 1453  137 1523 1449  764 1132  406 1088 1545  388  312  218  924 1219  272  263 1110  441  900 1598 1232   77  862   90
 1044  704 1131 1386  477  608  529 1475  851  303 1059  977  228 1234  129 1146  451 1018   93  471 1363  514 1072  572 1080 1374  314   45 1524  980  533  970 1369  173 1488   26  559  706  627 1417
  243  718   24  763   44  120 1550 1497 1009  210 1316 1578 1048  227  280  160  102  344 1067  790 1258  739  343 1361 1194  297 1165 1371  758 1162  601 1255  113 1492  973  794 1208 1541  298 1007