 1512 1488  607 1402 1184   43  409  215 1508  951  176  228 1152    8  389  863 1178  859  756  141 1618   69 1154 1136  513  489 1267  428 1517  566 1264 1089  181  907 1323 1437 1161 1652  603  849  189
 1677  248 1522 1049  101  161  341  721 1233 1599  923 1248 1046  875  271 1359 1099 1105 1503   91 1242  919  140 1346  883  606  776  984 1075 1123 1373  412   22  483  330  748 1471  897   24  925  530
  920  986 1197  210 1379 1141 1527 1675 1050 1008 1391  624 1116 1093  166  999  766  761 1489  924  276  547 1023  826  517  291  259  157  379  866  988  943  660  914  108  821 1370   68 1345  383 1318
 1106 1674  473  620   34  953   44 1216 1601  622 1327  192  345  306 1163 1014 1529 1635  274  610 1213  664  780  107  245  553 1403 1556 1572  842  307  642 1053 1010 1545 1251  935  130   78  963  894
 1511   59  854  100 1520  132  390  234 1465  683 1539 1639 1478  830  297 1057  937 1592  899  902   27  516  827  944  507 1007  465 1665  843 1150 1524  167  973   70  706  985 1624  693  768  337  565
 1448 1435  781 1134  633  691 1257  300 1291 1385 1336  424  712  264  386  174  505  853  685  401  375  959 1484 1518  273 1422   86 1479  598  885 1164 1483  223 1180 1662  353  153 1113  328  349 1299
  423  148 1600  749  709  347  765  146  111  533  865 1612 1092  467  964 1282 1181  278  796 1404  881 1228 1593 1458 1540 1667  822  832  893    7  636  499  116  391 1172  813 1354  564 1466  758  319
 1115 1110  316  639 1052 1314 1030  801  595 1614   14 1189  509  270  170  733   25  906 1340 1103  792  773 1304  823 1571  102 1206  848  901 1401  468  190 1107 1109  534 1027  707 1642 1343  649  139
  877  527  127  171 1419  585  869 1190  974  356  895 1353 1486 1079 1269  320  759 1360 1625 1589  679  772  667 1496  788  654 1119  426  289  200 1199 1222  725 1409  718  663  481  763  480  738  163
  258  809 1681  528 1590  218 1562 1062 1428 1358  287  202  862 1669 1191  224  819  977  475 1513 1509   49 1097 1580  652  608 1363  144  172   87  288 1550  145 1024  621  629  778  623  886  689 1274
  917 1569 1084 1653 1252  673  735  212  808 1230  256  340  972 1451 1302  713 1389  471  398  150 1118 1416   46  183 1186  680 1307 1214 1218   26  861  231  648  191  562 1122 1324 1650  355  688  880
 1617  376  815 1334 1017 1308 1566  604  188  446  368   60 1160 1137   28 1032 1582 1182   67  628 1297  661 1231  179  575 1658  168 1054  878  734  939  151 1412 1516 1417  580  658  460  557  453 1388
 1659  257 1200 1436 1003 1015  134 1510 1368   13  456 1555 1095  705 1232  476  492 1140   74 1080  570  550  536 1091  370  846  438  783 1120 1616  784  109 1602  298  326  308  160 1423  804 1380 1467
  195  666  502  834  435  244  419  962  137 1301  699 1386  946 1019 1549  724  835 1069  950 1447  493  966 1022  586  138 1408  295  220  488    2 1655 1070 1131 1090 1411   72  601 1303 1504 1330 1377
 1366 1560  945 1101  744  425  730  450  794  850 1245  469 1413 1574   77  940  329  775 1021 1559  619  441  272 1367  230  279  388  431 1542  574  860  336  135  529 1390 1033  448 1284 1234 1578 1144
  103   33  444  185 1280 1495 1026 1130  237 1502  632 1561  581 1246  364 1196 1570  616 1338  418 1621  164  459  942 1525 1623 1410  635  410  723 1441 1293  799  487 1434  647  697  204  420  392  198
  417  839  997  184  470  436  811 1151 1603  933 1255 1239  496 1349  630  421 1501    1  573  743  112 1296  333  740 1526  284 1450 1203  538 1405  302 1604 1087  238 1586 1606  331  117  615  791 1268
   89  795   52 1037  979  374 1035  774 1220  728 1082  332  394  477 1534 1016   32 1446 1061 1519  267 1365  494 1112 1281 1286 1276  387 1480   47  175 1666  367 1212  957  976  803 1457  415 1420   62
 1498  260  531 1081  120  422  640   42  552  433 1375  526  532  121  232   19 1309 1506  119  310  497 1449 1258  590  381 1342 1159  567  828 1217 1664 1588 1670 1500 1361  587 1644  427  785 1421  918
  577 1565 1364  771 1459 1647  227 1311  571   40  927  879 1038  833  754 1325  504  641 1523  764  299 1078  936  265 1660  523  856  812  645  982  338  277 1156 1185  731  317 1138  970  411  816  366
 1193 1493 1553  779  597  836 1548 1278 1262 1579  916  701  290 1369 1610  876  543 1463  335  559 1055  463  143 1381 1646  996   96  787  847    4    5 1171 1383 1532  806  207   31  142  323  589   94
 1292  582   73   36  637 1440  651 1011  325 1289  841  472  249   61 1153 1676   98 1177  385 1671 1356 1475  393  949 1433  361  268  656  737  677 1104  915 1427 1673  253 1429 1643  576  626  241 1170
 1261 1514  747 1036  250 1117 1490  461 1047   12 1001 1568 1392  343 1034  105 1176 1259  169  674 1004  242 1460  414  262 1290 1628  932 1020   51 1067 1132  479 1028  612  698  311  187 1071 1521  416
  722 1455  156  692 1362 1247  657  474  293  125  136  868  989 1584 1335  975 1398  131  365  129 1394 1469  998   83  579  948  704  983  611 1507 1083  506   99  981 1254 1060 1279  824 1135 1645  246
  644 1515  485  820   21  786 1491 1272 1678  400  969  222  746  114  990 1339 1425   10  429  767 1223  613  669 1494 1620  807  165   16  714 1613  643  659 1224 1167  498 1320  825  708  770 1005  605
  650  352  912 1633  617 1668 1312 1551  750  491 1146 1068 1649  955  113  867  201  602  720 1102 1492 1126  382  133  681 1240 1558  351  122 1039 1575  541 1108  991   65  437   57  408  334 1044 1438
 1111   84  478 1201 1313 1162  554 1587  941  445 1461  762  947  687  321  521  126  515 1468  596 1352 1241 1288 1445  440  600 1012 1357  520 1096  155 1316 1244  684   82  182  454  514 1442 1226  551
  282  537 1567 1537  592  700  928  777  339 1202  913  281 1382  203 1583  638  396  890  751  686  655  240   90   92 1547 1211 1000  887  522 1531  802 1344  922 1619  965  482  152  757 1243  556 1680
  662  346 1077 1355 1273 1661  741 1175  549   20  449  810 1283 1452  500  266  703  727  594  909 1187  512  217  572   15 1393 1147 1294 1640   66 1371 1326  452  322 1155 1597 1406  568 1250  213  226
  263 1634  716  432  315 1497 1195  216  672 1333 1594 1395  690 1064 1482  154  403 1009  208  968  194  115 1210   17  548 1002  324 1322  599 1595 1629  671 1253 1407  442 1552   54  694 1350  670  593
 1319   81 1679  934 1626 1536  501  280 1472 1043 1018  186  371 1127 1348  952 1328  196  857 1341  710 1041  178 1270   29  882 1207  451 1165  106  350 1045 1088  236 1581  413   95 1576 1205  354  304
   11  510  844 1098    9 1609 1219 1271  696  911  439  755  561   56 1627  631  255 1168  252 1169  668 1641  380 1444  625  486 1331  818 1564  397  938  199  851  358  229 1086 1657 1487  296 1630 1305
 1474  793  542  406  831 1100  805  992  967  760  283 1632   93  286   85 1143  858   75 1464 1378 1179 1672 1158 1622  285    6  618 1317  908 1481 1031  814 1638  588   48  769 1125  455  555  726  519
   97 1149 1072 1596  829  653   88  892  247 1204 1637  864  251 1426 1074 1554 1462 1121 1608  457  524  732 1300  405 1263 1225  407 1192 1470  269  357  511 1042   38   50  583  193 1145  318 1266  910
  377  372  931 1573 1577   76 1485  180  852  373  715  314  503  294  926 1443  960  443 1183 1265  993 1399 1173  243 1329  954  305  309 1237 1059 1006  261  978  384 1133 1025 1563   71 1208  466 1543
  462 1541  395  301 1454  569  540 1056  430  874  239  717  958 1598  546  495  211  646 1188  961   39  124 1337  518  904 1591  817 1387  303 1585  956 1415   41  745  789 1040  313 1139 1499 1384 1374
  275 1256  845   18  900  800  128 1476  994 1663 1347  560  399  891 1260 1414  149  508 1249  782  378  447 1376 1418 1128  205 1238 1129  206 1310  158  359 1124 1636  889  235  797  578 1066  360 1530
   79  539 1400  177  719 1148  840  591   58  110  369 1611 1076 1315 1142 1631 1430 1533 1236  363 1321 1372 1194   55  197  678 1439 1174  173  402  225 1477  214  254  348  980 1557 1073  921 1157  903
 1456 1431  159  312  695   30  434 1058  458  872 1351  898 1306   37 1505 1013  634 1287 1473   45  104  233  873  896 1538  544  987  884  971 1424  342    3 1453  118 1535 1651  871 1432  790  888  490
  855   23  729 1332  404  292 1615  563 1654  905   64  676  123 1198  344  739 1546  327 1528  736 1396 1227  609 1277 1298  525   35  362  929 1209  219 1065  584  702 1295 1085 1094 1051 1114  147 1605
  711  870 1029  995   80  930  742  614   63 1285  545 1063  798 1648  535  162  838  221   53  627  752 1215 1397  464  753  209  682 1048  837 1607 1235 1229  665 1275  558  675 1166 1656 1544  484 1221