 1288  672 1098  286  527 1718  658  221 1228 1028  324  848 1169  376 1414  211 1486  498  209 1027 1429   64 1001 1182  887 1109 1257 1313  152  457 1625 1094  624  406  819 1426 1450 1241  853  579  200 1611
 1360  385  328 1058  483 1337  368  278  701   18  568  756  809 1305 1369 1557  812  196  978 1508  734 1488   69 1702 1528  677 1755 1468 1005 1040    8  520 1115  207 1711 1129   97  284  616 1230 1505 1003
  719 1382  410  678 1623  306  173 1532 1752  764 1256  975 1166 1467  552  486  448  529  339 1020 1015  371 1724   17  451 1500  709  716  427   83  582  952 1202  710  606  980  990 1535 1314 1596  892 1116
  151  276 1402 1700 1204  949 1317 1743  241  481   90 1466  861 1278  228   26  544 1035  557 1269  455 1572  110  984 1055 1430  825  881  419 1553 1446 1126 1663  256  894 1655   39  965 1121  569  118 1111
 1616  177 1412  804  503  484  347  868  932  682  101 1669   44 1550 1471  252  571  663 1209  817  559  270 1479 1171  192  789  928  807 1517  785 1704  707 1748  400 1734  375 1356 1173  788 1134  507  770
 1422   67 1511  146 1225   78 1699 1539 1645  896  617  728  946 1195 1358  798  922  395  473  600 1630  168  782 1401  806  128  598 1136  491   95 1062  263 1224 1415 1106 1049 1375 1515 1722  272  318  249
  889 1731  929 1491   55 1089 1435  308 1151  917 1091  891  816  653  758  494  623 1662 1067  275 1750 1370  591 1600 1373   45 1181 1570  391 1674  250   96  607  796  244  269 1407  442  422 1138 1504   20
  550  803 1660  736 1438  674  251  468 1019  732 1309  460 1334 1481 1332 1302 1642  124  988  418  277 1571  268 1215  815 1240  671 1007 1701  760   70 1183 1281   92  659   76 1413 1396  587  204 1656  202
 1045  298   60 1593 1267  267  900  137  655  612  911 1149 1300  595 1712  222 1394  985  158 1541  326 1470  961  818 1341  271 1036  354 1715  685  493  131 1676 1666 1251  934 1135  858  444  147 1221 1331
  630 1563   21  991 1368 1132 1418 1529  384  206  485  283 1203 1264 1392 1143 1758  921  899 1442  706  902 1741 1287  317 1013 1164  583  424  264 1423  594 1125   74 1727  506   28 1008  129    6  962 1050
  740 1201 1161 1561   12  925  233   59 1624 1243 1478  726 1641  109  496 1638  720  463 1081  704  625 1176 1245  388  175  854 1363  290  417  504 1559  274  180 1459 1716  700  877 1068 1592  245  826 1717
 1175 1554  976  115  831  596  297 1436  123 1316 1297  446  295  445 1522  145 1417  359  560 1159  982  556  603 1075 1579  197  475  352 1404 1014 1597 1336  637 1344 1583 1439 1234  299  918 1004  532  841
  730  673 1365  112  768 1477  966  576  188  838 1652 1156  766  404  480  843  536 1343 1548 1385  912  823 1170 1308 1650  744  225 1322  518 1696  959  588  216  575  857  983  548 1295  814  291  553 1212
 1577  802 1253  372   34  757  365  784 1440  774  153  528 1092  849 1010  905  162  461 1147 1275 1095  540  327  955 1063  341  563  811 1599  829 1761 1633 1556  755  871  235 1172  995  296 1764 1675  489
  392  605  285 1155  790  633 1318   56 1097 1695 1519  421   73  474  561  791 1503 1751 1737  344 1229 1117  488  698  866 1667 1427 1603 1419  487 1425   43 1193 1103  234 1199  240 1022  492 1096  126  691
   99 1222  898  469  565  958  810 1598  303 1250 1697 1071  769 1678  367 1621 1342  320 1507 1021 1460  862  315  754 1223  690 1043 1291  652 1449   33  238   14 1726  156 1441  654  968  697  666  501  667
  232  181 1452  684  139 1521  399 1299 1691 1083 1320  629  800  205 1196 1448   41  353  459  882 1270 1576 1139  908 1565 1330  374 1069  686  942  255 1451 1271  456  136 1248 1591  304  127 1629 1246  478
 1060 1130    2 1445  366   87 1757 1432  639 1558 1354  176 1464  626 1371 1046  230 1694  893 1000 1744  508 1578  855  325  111   35  187   86 1431  780  584 1137 1530 1665  161  795  741  572  423 1024 1463
  747  651  103  178 1740  989 1501 1411 1679 1685 1293  521 1236  149   91 1345 1213  599  369  401  262 1184 1461 1105  650  358  302 1686  539  105  218  273  310  715  834 1618 1760  383 1733 1347  801 1520
   31 1494  428 1393  992  863 1158  840 1582 1142  155 1608  604  164 1026 1048 1189  333  141  731  903  219 1188 1086  566 1190 1648  746  944 1483  364  668 1568   36  260 1536   66    3 1513 1032 1538 1586
  856  194 1736  106  916 1239 1133  714  379 1489 1709 1153  323  265  781 1545  972  657  355  349 1389  313 1458  414 1540  722 1560  547  729   38 1378  389 1101 1720  432  642   46 1333 1128 1759  345 1211
  969  570 1620  293  828 1516 1622  738  441 1580 1205  999  737 1077  805  380 1735  981 1493  792   85  717 1326   94  874  797  499 1338  939  554  564  201  845 1474  198  363 1714  538  466 1626  387 1085
  953  426   16 1400 1104  927  649  924  873 1408 1613 1122 1590 1534  254  543  688   29 1510  236  979  851 1518   61 1525  279  938 1668  970 1588  505 1348  163  525  454 1282  116 1672  179  954  340 1351
  280  567 1749  750 1637  897  759 1585 1074  281 1357  914 1324 1200 1499 1112 1235 1387 1350  415  656  586  711  143  662   48 1362 1006  160  169 1144  830 1207  351  512  930 1653 1145 1409  416  154  439
 1437 1280  411 1725  360 1640  229  632 1480 1065  381 1039    1  839  407  592  396  937  393 1395 1157  727 1165   84 1567 1606 1056 1266 1482 1454   49 1312  420 1703  998  223  640  157 1162  987  634  577
  342 1192   81 1388  511 1564 1335 1303  703 1113  140  813  335 1029 1664  783  108 1120 1076   72 1016   71  133 1619  574 1102 1551 1705 1187  452 1457 1763   30 1237 1179 1628  142   62 1410   51 1306  718
 1372  361  776  708  609  213 1684  165 1018  994  935  883 1197  665  472 1443  522  752 1254 1673  923 1367 1421  322 1444 1587  767 1261 1353  675  319  377  631 1210 1114   42  608 1391 1472  847  214   24
  294 1292 1721 1756 1034 1233  144  514  184  329  713 1636  824 1377 1276  910  114 1615  535 1290   50  259  860 1544    9 1573  462  239  950  545 1524  531 1352 1042  519 1283  765  134  394 1659 1594  986
 1051 1677  895 1485 1574   98 1072 1698  435  669  997 1366 1307 1447 1118  620  680 1649  725  186 1140  403  593  191  130 1490  681   23 1167 1088  199 1259  253  963  915  761 1547  248 1178  835  573  679
  159 1729 1607 1484  724  530 1379  433  879  266  434  425  906 1296  907  551  859  546 1346 1746  635 1688 1497   63 1420  350 1041  373 1612  243 1180  237 1738 1131  773  282 1512  500  170  513 1654  247
 1405  119  751  311  763  909 1148 1286 1533 1708  621 1730  683  120   93  465  993  941  537  904  409   13  696 1476  509 1208 1359  890  242 1328 1265 1279  402 1054  779  735  305 1078 1386 1383 1030 1219
 1242  967  638   10 1231  844  390  453   88  450    5  901 1495  919  497 1011  597 1498  429 1670  808 1610  107 1455 1260  836 1066   68 1462 1496  334 1527  166 1683  799 1646  645 1643  622 1084 1263  150
  850  467  721  933 1191 1258  872 1682  618  261 1059 1762  542 1364  289  865  705 1255 1277 1601 1012 1185  886  476  449 1047   37  171  867 1023   82 1492  585  778  614  884 1249  125 1374  888 1232 1037
 1434  951  440 1038  827  195 1707  346  723  646  875  258 1244 1742  167  964  842  312  996  562 1108   25 1327 1723  226 1206 1198 1119  676  224 1390 1680 1031  555  739  332 1754  749  648  956 1397  733
 1562 1017  382  437  558  641  876  443 1163 1355 1693 1064 1631 1340 1502  670  405  627   79  431  378 1080  113  702  578  787 1294  231 1526 1523 1361  971 1584  189  602  832  541 1238 1216   40 1141 1262
  287  117  307 1416 1575  753  619  549  777  122 1154   65 1569   22  793  948 1465 1690 1644 1284 1298 1325 1428   57 1002  533  482 1090  193 1589 1424  689  458 1079  362 1681 1651 1087  664  510  330  977
  660 1433 1745 1384  822   77  880  936  338 1315 1124 1057  479  775 1033 1217 1692 1061 1070    7   15 1549 1009 1475  438  138  615  436  174 1604  292  973  601 1339  786 1146  336  931  647 1657 1747   52
 1595    4 1194  413   32 1728 1289  692  947 1053  613  182   11  870  430  523 1160 1632  316  693 1110 1380  590  517  762 1381 1174  960 1226 1739  102 1304 1543   89 1609 1301  104 1509 1398 1052  581  257
 1552 1661   27 1214 1542  309  699 1713  471  821  100  610   75  516  695 1614 1273 1220 1252  885 1376  495  314  920 1399  945  926  408  534  135  643 1710 1658 1487  878 1218  331  687 1247   53 1152  300
  636 1082 1319  447  943 1311  215 1687  208  913  820  337 1602  220  477  864  628  172 1706  852  348  412 1272  589  398 1546  515 1107 1323  580 1753 1456  121   19 1671  288  743 1044 1453 1329 1093 1566
 1473 1403  661 1099 1127  611  470  246 1719   80  321  957   54 1469  694 1634  370 1123  217  846  183 1555   58 1321  772 1406  771 1581 1639 1635 1617 1150  185  742  464  397 1168 1025  190  745  356 1531
  203 1689 1514  301 1227 1732  524  212  940  227  526 1285  748  712 1506  490 1073 1177 1186  357 1627 1647  343 1310 1100  794  132  386  148   47  869  833  644  974 1605  210 1268 1274  502 1349  837 1537