 1007 1575  923  309  224  536 1059 1448  917  511  367  821  978 1727 1333 1606 1380 1287  793  795  551 1748 1049  320 1818 1427  295  452  108 1827  271  316 1407 1023  421  263  630  922 1225 1039  188 1352 1527
 1592  753  737 1678  654 1453 1001  162 1177 1086 1549  118 1409  115 1371  711 1562 1337 1142  213  250 1417  763  998  100  873 1480 1144  702  775 1758  460 1231 1798  334 1308  920  835   70 1011   56 1258  414
 1618   17 1369   24  567   11 1565 1543 1026 1822  818 1557 1560  408  495 1449  152 1845 1309  879  812  195  650  667 1421  876 1053  308 1331 1054 1246  586  689 1189  238  364 1596  683  681 1044  824  474 1760
 1605  228 1030  259 1175 1002 1657 1724  117  905  928  736 1277  403 1223  489 1784  863  652 1027 1656  440 1783 1131  139  618  747  682 1093  270 1367 1398  690  837  346 1153  122 1768  182 1402 1203 1092  572
  607 1323 1103  160  680  788 1146  622 1291 1821 1844  294  302 1326  174  909  150  811  744 1613  587  458 1528  314 1707 1461  823  562 1335  693  592 1663  657 1441 1451  871 1476  206  911  782  774  635 1140
 1450   80 1010  935  655   61  229 1202 1623  523 1769 1556 1383  404  996  808  215 1722  656 1201  938  929  615  348 1465   78 1429 1639  724   55 1055  663 1286  390 1583 1603 1456 1378  507 1043 1721  245  147
   23  569  230  732 1241 1348 1667  332  926  210  415 1580 1132 1842 1262  733  840   72 1368  564 1455  967 1733  339 1122  322  826  723 1240 1681  103  991  291  383  591 1507 1361 1846 1341  731 1416  616 1104
  205   82  854 1085  969 1061 1024  510  521 1782 1438  251 1073  675  903 1185 1802 1336 1224 1154  463 1495 1835  369 1271 1200  134  668  194  662  200 1770 1535 1597  319  829 1586 1247 1207 1320  148  402  190
  573 1718 1460 1840 1384  735 1447  113 1094  136  883  639  603 1829  151  441 1057 1428 1431  283  850  673 1084   64  361  544 1763  131  870   35  874  356   40 1078 1512 1219 1381 1694 1749 1814   76 1050 1312
 1547  386  531 1612  345 1179 1725 1063 1567  254   66   92 1670 1069 1637 1332 1723  804  757  749 1729  490    8  429  123 1430  934 1152 1819  257 1267 1666 1762  431 1217  901  613   31  659  336 1328  459  626
   68  305  729  231 1157 1702 1620  868  331  831 1610   20  358 1484   14 1716  405  516 1324  719 1641 1810  287 1392  509 1148 1714 1745 1034 1389  262 1454 1645  571  493  193  759  800 1270  646 1046 1559  400
  703 1424 1169 1211  465 1342  470  216 1396 1126 1412 1127  204  620 1233   45 1339  671 1112 1281  207  846  849 1795 1194   32 1660 1485  178   44  968  220 1414  799 1816 1071 1457  244  380 1190 1163 1037 1160
  545 1118 1410 1426 1120  342 1228 1276  627  101 1571   79  713  377 1501 1699  247  779  528 1029 1048  892 1363 1205 1295  543 1108  163  783  532 1849  258   84  973  844 1558  861 1139 1338  111 1533 1318 1261
 1836  852 1532 1743 1357  575 1595 1227  185  176 1619  888 1411 1022 1677 1698  225  105  357 1161 1209 1466  240 1591  760  393  296  902  344 1581  743 1298  145  637  985  533  467  201 1837  890  778  789  449
 1399 1801  397 1090  649  921  751  375 1356 1781 1511 1704  289  954 1672 1343  186  796  687  915  121  455 1101  764  959  299 1551  343  685 1504  333  548 1237  771  997  513  549 1525 1089 1138 1382  936  398
 1056  933 1145 1100 1564 1432  705  534 1517 1066  858 1165  944 1284  962  353  328 1826   89 1119   42   29  660 1196 1006  436 1181 1541  866 1728   73  745  391 1616 1839 1259 1162  851  278 1166  437  982  311
   26 1739  633 1673 1655  925 1235 1717  975 1471  893  425  260    2  927 1136  498 1542  706 1017  451 1081  354 1074 1283 1757 1651  752 1038  624 1554  558   25 1633  721 1585  530  236  801  777 1182  313  340
 1711  104 1269 1548  945 1192  420  419  805 1143  780 1778 1174  282  594  269  155  981   19  638 1709  980  867 1003 1732 1463 1249  484 1199  776  284 1499 1771  877  843 1264   93 1377 1028  896  184 1477  494
  885 1806   49  241  110 1608 1631 1354 1622  133  708 1275 1305  912 1726  955  438  697 1436 1742  137  845 1319 1012  450  820  986 1047  407 1418 1020 1013 1500 1035  389 1482  457  424  599  191 1041  669  881
  770  898  177  142 1135 1502  679  692  372 1621 1198  192  645  677 1282 1133 1756  541  691  330 1566  583 1292 1400 1491 1494  120 1625  819 1379 1812  864 1097   37  810 1675  899  628 1156  246 1665   74  610
  792  360  984 1534 1744 1068  281  547  317  730  487 1425 1005 1736 1738   86 1715   46  773  443 1445  382   43  434  886 1313  707 1794 1629 1674  785  475  889  556 1009   50 1204  347 1052  506 1772 1529 1483
  181 1102   98 1640 1243 1712   90  974 1322  394 1218  318  255 1329  560 1563  501  857  508  987 1843 1095  651 1578  227 1683  992 1299 1366 1791 1647  219  222 1311  976 1079  411  378 1128  585  993  535  914
 1238 1759 1671  758  388  132  327  754 1279 1693  496 1754  292  469 1040  994   51 1315  887 1780  268 1388  791   65  442  949 1433 1374 1823 1221  273 1594 1268  166 1435   62 1327 1109  803  196  352  598 1761
  696 1590 1347   99  306    6 1521 1568  670  688  822  351  674 1516  797 1777 1032  183  368  924 1303  727  570 1072 1600 1544   81  768  409  362 1720 1634  349 1406  529  631 1817 1437  786 1577 1680  384  454
 1150  862 1799 1110 1117  392  446 1689 1208 1172  300  588  153 1609  370 1280 1210 1696 1825   58 1731  413  970 1695  366  310  644 1755  129  964  709 1458  472  784  199 1099 1019 1212  179  576 1422 1401  234
  907  483 1740   27  609  678  809  126 1123  448  838 1572 1523 1751  235 1372  602 1391  518 1364  499 1252 1184 1479  198 1087 1415 1129  218 1478 1593  203  695  597  961  165  999 1705 1334 1278  277 1000  913
  676 1805  471  297  827 1540  834  252 1213 1255   94  478  476  742  337  445  642  720  712 1082 1214 1773  766 1650   34  149  428 1775 1051  828 1653 1442  869  266 1031 1215 1016 1403  430 1807 1256 1408 1413
  761  280 1236 1834 1060 1752  324 1272 1193  755 1682 1765 1365 1561 1171    5 1260  522 1474  439  790  338 1708 1697  157   33  813 1659  919 1375  492  950  539 1522   60  872  208  212 1206 1555   10  550  399
  908  488  565  634  814 1257  248 1191  664  401  772  524 1790  741  578  172 1804 1685   71 1130 1014 1796 1481 1253  833 1340  553  559  301 1820  704 1498  910  916 1615 1115  614 1506 1847    9  640  130  884
  290 1635 1545  672 1294  189  371  839  464 1245 1393  426 1785  894   67 1487  538 1230  187  816  554  956 1106  931 1159 1576  653 1505  582 1113  119  661    3 1573  568 1346 1668  243  116 1288 1064 1831 1793
    1  479  473 1351 1503 1386 1649 1232  286 1509  102 1266  197  701   15  546  406  540 1518 1325  461 1710  859  593 1691  596 1443  722 1349  167  930 1314 1470 1824 1395 1116  374  480 1515  275  781  686 1539
  373  865 1250 1296  379 1452  767  156  878  503   63  595  341  135 1703 1164  621  237 1646 1808 1626 1070 1310  217 1176  990  802  209  307 1607 1464   53  500  714 1285  519 1690 1766  855 1767  497 1734 1385
  856  617   41 1614  698  537 1263 1137 1025 1359 1394 1098  242  882  716  728 1787  527  891  625  267  717  288  958 1493  966 1538 1045  836 1786  325   95 1350 1254 1497  983 1125  387  952 1058  972  427 1419
 1149 1155  605  951  256 1151 1701 1021 1598 1599  112  590 1764 1304 1439 1841  580 1178  806  335 1195  140   16  127  665 1307  432  173 1373   77  577 1800 1376  350   69   13  611  832 1815 1679 1828 1579  606
 1601 1526 1624   87 1362  276 1669  995    4  453  941 1248 1222  312   48  175 1636   28 1387 1251  462 1811  989 1444 1158 1611  272  557  953 1405 1180   38 1602  412 1141  860 1077 1242 1330  604  520 1124  138
  444   59   47 1520  418  485  232  937  298 1779  447 1316 1301 1776  658 1121  629  641 1788  748 1830 1220 1265  842  264  482  226   54 1737  750  738 1735 1813  939  762 1147 1244  261 1643  466 1700 1183  830
  481  214 1489 1809 1096 1686  875 1587 1574 1186 1062  769  239  647  124  106   97  947  114  486  794 1390  223   18  694  619 1792 1468 1833   39 1652  904  918  841 1803  552 1273 1604  684  279  542 1719 1546
  739  512  477  363 1524  423   30  180 1486 1300 1630  853 1042  932 1370  525 1584  396  880  253  315  589 1688  648  988  946 1569  365  381  144 1741 1170  159 1774 1536    7  979 1789 1496 1692 1530  233 1537
 1746 1747  608  164  815 1018 1187  715  517  107  303 1317  897  211  725 1173 1627  666 1462 1638  718  710 1105 1519  109 1355  581 1510 1290  965  154  435 1168 1226 1648 1730   96  700  612  202  636 1434 1229
 1676 1753 1553 1134 1459  942 1531 1654  168  274 1111  963  734  128 1687 1004 1513 1848 1440  125 1289 1750  417  326 1353  505  563  285  410   57  555 1091  502 1065  632  385  756  566  433 1297  526 1550  765
 1582 1472  600  221  895  416   83 1467  491 1664 1302 1358 1360  825  957 1293  787 1423  817  579 1684  249   88  977 1080 1552  848 1239 1446  740 1344 1661 1713   21  304  940 1015  574  422  323  943  321  699
 1114 1216  561  146  329 1167  514 1617 1469   36  171 1797 1420  456 1274  265 1514  170 1642 1658  960  359 1473 1197 1508 1490  847  971 1589   52  161  515 1345   75  948 1832  584  355   22 1662 1088 1306  900
 1188   85 1234 1475 1588  395  169  468 1083  726  798 1107 1008 1706 1033  643 1397 1570 1036 1492   91  141 1404 1644 1488  158  143   12 1075 1076 1628  504  746 1067  623  906  293 1632  807 1321  601  376 1838