 1125  872 1580 1290 1656 1635 1717 1452  676 1836  658 1269 1144 1754  426   79  461 1072  993 1917 1738 1579  567 1686 1679  772 1296  174   35   43 1049 1380  249 1035  643  132  657  611  247  180 1517  144  259 1330
 1345 1781  558   99  982  689 1499  232   67  224 1455 1863  194  188  549 1140 1755  963  891  789  292 1563 1903 1331 1211  573 1575  179 1864 1595  293  200 1416 1075  667 1309   16 1198  782 1253   92 1361 1872 1731
 1282 1400  274   96  150 1141  330  342 1200 1513 1358  712  781 1145 1668 1420  697 1655 1728   53 1134 1890 1461   85  960  545 1186 1036 1215 1473  324  679 1935  185  753 1796  350  973 1817  879  435  850 1663   45
 1245  440  544 1121 1793   65 1444  835 1175 1304   86 1160  430  934   56 1828  933 1063  639 1459 1770 1696 1567 1333  988 1630 1637  141  162  187  644 1031  467  183  307 1535  886 1432 1472 1645  893 1542  276  636
 1436  302  724  181  176 1164  367  108  660 1558  575  820  479   11 1263  140 1560 1547  173  961  771  498 1792  484 1855  466  762 1209 1158 1703 1270 1642 1861  688 1902  159 1313  683 1350 1477 1889 1492 1766  219
 1399   71  290  865 1693  867 1721   24 1876 1196  833  493 1417 1298   17 1457 1735 1533   46  106   70  229 1732  266 1411 1845 1127  598 1549  230 1898 1137  666 1582 1479 1070  708  379  943 1272 1418  911  415  742
 1502 1534  506 1509 1362 1012  154  487  102  386  256 1482  869  915   93  890  470  876   18 1787 1386 1910  166 1055 1778 1702  681 1606 1405   13  873  556 1773 1709 1374   82 1601  628  757 1573  646  875  455 1800
 1130  625 1042 1490 1501  783  570 1858  205 1423 1628  296 1157  464  721  172  775 1556   30 1664 1646 1932  234 1464  208 1612 1689 1581  840 1596  340 1043  654  301  839 1232  922  538 1148 1570  236 1516  356   27
  450 1494  217  589 1002 1047  100 1719  409 1835 1326  904 1178  818 1823  698 1469 1319 1634  590 1087  472  147  331  373 1720 1604  701  314  284 1880 1252  740   44 1066  705  862 1465  278 1389  593 1790  997 1899
  852  924  488  500 1233  512 1219 1911  714  883  854 1189 1734 1122  282  365 1026 1488 1067 1346 1146  623  727 1789 1644  685  315  932 1694   87  847 1873  734  338  826 1442 1315  519 1672 1128    5  238 1631  695
  262  779 1119 1366  715  548  483 1401    2 1267  831 1540  569  486 1619 1740  209  248  250  221 1288 1462 1651 1431  226 1284 1871  456 1322 1250 1569 1774  492 1874  554 1280  855 1139 1913  469  921   14 1347  517
  621  730 1598  837  418  125 1801 1085 1299  305 1737 1837  998 1574 1078  711 1577  306  583  325  400  287  116 1188  134  972 1351 1286 1670  175  251  950 1758  980  889 1759  656 1381 1846 1613  420 1056   77 1854
  617 1348 1154  791 1329  810  614 1478  632 1497  638  404  413 1474 1777 1621 1450 1599 1810 1242  139 1674  129  990 1033  971  696 1023 1241  207 1058  591  523 1470  940   12 1092  355  103  546  298 1586 1521 1718
  212  606 1512 1614 1508  581 1849  957 1339  752  731 1327 1150 1064 1228 1557  520  703 1912 1434 1363  387 1013  699  407  397  935 1928  182  745  559  122  618 1529  849  568 1088  385  213  848 1336  968 1546 1373
  814 1605 1171 1722  334  478 1437 1532  986 1541 1468   60 1795  953  649  751  115  958 1578  516  473  673   73 1831  905 1683  105  437 1185  634   50  164 1868  509 1059 1135  428 1349  537 1860 1447 1471 1387  888
 1306  288  444 1608  475 1865  970  592  239   97  560 1539 1523  901  128 1884  406  477 1741 1820 1168  930  380 1844  951  332 1000  202  622 1824 1875 1832  337  349 1714 1510 1552  732  354  914  459 1484  853  533
 1652  521 1857  969  603 1287 1661  197  641  149  774  255  682 1153  566  992 1662 1908 1169  341  996 1143   20   62  584  686  381 1024  227   84 1555 1318 1926  571 1905 1289 1548 1922  983 1723 1901   29  830  868
 1931   54 1611   75  863  451  163  280 1205 1413  384 1454 1489 1394 1254  348  285 1391  279 1079  744  320 1467 1593  431 1273  490  828 1504  874 1142  265  366 1803 1199 1632 1666 1894  190 1780  425  882 1426 1017
 1597 1466 1616 1760 1742 1383   74  258 1439 1260  304  359 1113 1103 1133 1084 1756  109  160  297  542 1111  196 1057 1255 1925 1408  822 1705 1311 1804  107  312  361   80 1839   64 1840 1364 1588  156   37 1353  364
 1559  902  375 1919 1707  777  967 1048   76  635  624 1763  706   88  896 1156  352 1395 1564  936  112  981  588  640 1887 1700    6  260 1904 1324 1372  797  880 1016 1187 1195  979  633  769  626  395 1259  759 1900
  870 1320 1229 1100  421 1077  926  754 1316  860  885 1657  317  987  821 1340  372   31  553  376 1819  252 1019  764 1385  627  371  191 1165  962 1525  675 1896  594  126  645 1745 1216 1218 1680 1649  630 1491 1757
 1610 1038  457 1463 1496  799 1923 1054 1419  977 1818  511   98   28  843  729 1829  133  784  723 1328  916  424  111 1643   55  659  577  220 1669  192 1543  299 1921  377  263  758 1487 1920  602 1881 1687 1456  894
  555 1170 1396 1207  254 1725  268 1746  114 1406  246  215 1001 1138 1445   10 1633  800 1869 1627 1848 1879 1807  402  480 1698  344 1091  120 1636  613 1460 1104 1927 1626 1107 1239 1008  295  223  170   52  333  327
  631 1897 1379 1736 1797 1618 1673  908 1224  186 1240   69  965 1006    8 1281 1583 1162 1231  210 1025 1040 1476  597  237  684  449 1117 1020  805  104  825 1120  944  653  275  343 1044 1842  756 1305  680  804 1665
 1414 1011 1531 1015  647 1554  619  999  877  780 1393 1266 1530 1307 1433 1852  648  773 1360  388  458  216  281  749 1124 1323 1300 1202 1727 1500  585  671  269  222  329  864 1022 1638  801  311 1159  747  601 1118
   47 1004  937 1371  620 1446   19 1866 1412 1184  728  608 1213 1641  580  362 1367 1388 1429  169 1799 1422  393 1225  177  811 1878   32  881  454 1193 1749 1341 1268 1308  534 1258  827  750 1010  242  878 1068  725
  861 1629  910  858  326  271 1203 1561 1587  582 1291 1337  841  528  652 1301  267 1236  595 1592 1074  785  243 1421  760  956  737 1726  716  610  463  345 1003 1934  651 1767  283  322  846 1427 1565 1658  389 1505
 1131 1883  892   22  439  489 1850  433 1495  767  441  615   63 1771 1551  270  146 1711 1109 1528 1486  124 1859  505  677 1034 1376 1161  655 1110  964 1116 1335   41 1615  857 1648  928 1183  948 1566  707  561  552
  668 1149  206 1086   94 1283 1093  527  806 1906 1822  866  127  605 1342  819 1584 1046 1192 1237   57  391 1914 1248 1690 1506  201 1811 1357  335 1524  975  899  913 1609  794  524  813  823  214 1538 1052  153  815
  798 1498  700  272 1659 1294 1176 1677  942 1688  978  499 1275  468   21  787   89 1081 1676  793  563 1378  551 1359 1424 1485 1892  336 1060 1027  360  309  286 1475  766  845 1654   72 1752  193 1220   78 1325 1833
 1089  319   15  792  607  321  884 1123  761 1870 1082 1827 1481 1050 1791 1918  513 1377  184  507  991 1841   26  755 1214 1514 1786   49  245  765  974 1152  803 1706 1724  382  851  369  453 1730   90 1622 1924  137
  726 1537 1667  629 1750 1809  261 1438 1862  368 1106 1167  786  273 1739  790  842  225 1262 1785  719 1274 1355    9 1369  746  796 1370  526 1527  927  427 1177   91   25 1297  422 1838  718  353 1743 1099  401  383
  642  587 1891  429  515  432  900 1234 1602  289 1392 1933 1449 1572 1779 1821 1794  131 1095 1261 1208  113 1765  586  985  142  313  316  130 1826 1729  949  663 1600  347  414  966  195 1105  713 1293 1343  954  211
  199  357 1126  502 1856 1334 1251  504 1550 1028  495 1039 1194  596  898 1303  204 1041  763 1480  240  929 1321 1660  434  532  339 1716  952 1744 1493 1607 1522  396 1172  318 1443 1518 1069  959 1132  578  662  158
 1653  807  720  690  138 1647  687  257 1782  419  994  691 1639  417 1212   34  323  531  664 1812  670 1230 1640 1708  919  812  518 1409 1624  661 1174 1279  736 1415  535  907 1594  118  522 1682  565  856 1701 1222
  525 1815 1292 1021 1907  446 1930 1591 1623  412 1748 1247  465 1710 1206   51   23 1772 1201 1681  895  198  121 1428  871  228  739 1585 1398 1571 1256 1037   59  824  148 1747 1071  203  303    3 1197 1096  600  370
   38 1520 1151  540  947 1458  946  702 1352  557  541  770  394  536 1515 1853 1397 1090  155 1448  253  704 1888 1312  161  443 1715 1886  403  497  562 1808 1235 1544 1365  984  168 1285  920  171 1885 1435    4 1076
  802 1191 1806 1368  416 1834 1094   83  717   58  231  989 1179 1295 1264 1115 1451  119 1244 1507  300 1440 1101 1114 1180 1562  346 1753  390  165  887  503 1620 1108  722   42 1814  918 1265  264 1675 1005  496 1181
  101  678  405 1589  672  976 1851  945 1314 1625  710   48 1511  178  788  448 1098  939 1733  693  838 1382 1062  460 1073  445 1915 1354 1051 1916  709  501  778  669 1080 1356  233  135 1425 1238  481 1129 1277 1805
  808  809  471   36  637  310  308 1221 1045 1227 1553 1217   66 1893   68  735  955  692  738  291 1453  438 1257 1147 1503 1030  741 1065  748 1317  694  136 1685 1695  816 1761 1843 1936  110 1053 1223 1816  912 1155
  768  452 1483  143  294  897 1173   40  123 1112 1825  931 1788  925  167  859 1603  474  917 1404 1867  733 1802  117 1545 1009  436 1691 1650  399  244 1877  599  157 1310 1784 1302 1847  817  494  462  844 1576  674
 1018  235  510  832 1830 1097  508 1775  485  218  576  374  550 1699 1712 1909  410  189 1210  834 1697  650 1190 1083 1402  277 1713  938  612 1526 1568 1762  903  241 1375  145  476  539  909  351  941 1102 1813 1430
 1441  423 1278 1895  514 1276  836 1764  572 1007 1029  328 1590 1246 1390  447 1751 1678  776    7  579 1768 1798 1204   33  358 1783   39 1243 1704 1226  665 1344  398 1032 1403   61 1136 1061  574  743  604  529   81
 1882  543  482 1617 1536    1   95  616 1692 1014 1410 1684 1271  906 1163  547 1519  829  609  378 1182  151  392  491  408  564  152 1776  923 1249  995  530  363 1929 1671  442 1338 1166 1769 1332 1407  411  795 1384