 1473  575  335  512 1192  177  817 1129  408 1840  753 1167  967  165 1913 1211 1236   19 1257 1678  827  980 1126  872 1715 1223   71  260 1875   86 1506  795 1723 1079 1135  138 1998 1015  390 1903  389 1213  793 1979 1670
  219 1061  728 1691  289 1943  605  693  296  153 1796 1444  336   88 1764 1324 1564 1719  416 1332 1169  299 1225  118  440 1556  500 1269  920  269 1081 1653 1276  593   40 1001 1404 1459 1635 1665 2019  746 1142 1100 1545
 1232  777 1827 1427  131 1318 1283 1439  172  184  848 1724  685 1165  740 1342  378  460 1137  463   41  998 1735   59  664  291 1860 1392  852 1105 1820 1559 1002 1702 1240 1576   46  828  747  380 1976  921 1879  450 1730
  505  968 1788 1525 1208  339  208 2011 1772  748   67 1582  510  542  597   13 1873 1343  233 1351  635  286 1700 1310  293 1694 1766 1603 1499 1742 1376   27  585  644  427  768 1048 2001  738  204  966  836  735 1991 1528
 1072 1864 1804  536  257 1663  466 1578   84  641  264  300  525 1145 1314 1286 1502 1689 1816  656  800  175 1643  160 1399 1895  792  513 1883  723 1787 1443 1076  640   58 1894  419  312 1512 1385   32  143 1500  970 1969
 1369  191  490 1285  732 1581  136 1390 1819 2008 1360 1572   87  946 1111 1606 1560 1317  282 1990 1496 1699 1133  775  651   62 1039 1944 1494  274  574 1745  972  332  973 1307  799  398  396  601  684  602  606 1957  240
  305 1153 1447   66 1806 1692 1090  405 1267 1151 1623  420 1997  371  388  609 1358 1988  731 1622 1625 1003 1780  521 1094   48 1498  919  315 1964 1828  304  448  582 1640 1465 1298 1613  621 1197  242  540  214  373  964
  729 1362 1235 1862 1089  726  809  960 1592  411 1673 1683  880 1214  313  531 1430 1878  215  379  363  479  272 1321  974 1350 1384  394 1933   73 1215  862 1195  345 1485 1981  348 2018  530   77   97 1965  710 1460 1783
  182  270 1889  819 2015  929  234 1035 1595  509 1239 1120  476 1546  103  391  346   17  457 1952 1812 1428 1131 1331  992  279 1792 1671 1281   20 1521  603    4  555 1537  297 2025 1519 1172 1863 1590 1456  121  825 1636
 1242 1210  707 1119 1045  382  508  547 1043 1383 1716  810  806 1868  171 1811  211 1544  580  404 2006  446  467 1540 1067 1013  646  665  763 1530 1475  856 1381   89  850 1886 1666  480 1071 1586 1517 1941 1162  168  207
 1102 2000 1320 1174  372 1409  996  950 1380 1567 1532 1271 1055  815 1814  100 1526   29  302 1813  115  951  754  718  311  939  615 1364 1768 1018  393 1097 1800 1185  292 1063 1451 1954  532  316 1905  789  995   38  695
  376 1853 1616  751 1513 1244 1817 1960  831   56 1483 1668  173 1274 1773  720  383 1744 1454   70  307 1489  923 1852  201  790  773 1093  907 1277  694 1407  544 1432  249  844 1488  796 1054 1426 1333  955  568  410   14
  239 1677  229  961 1901 1541 1205 1688  358  712  717  956 1228 1059 1825  755   90   74  741 1311  764  595  587 1974 1386 1914  344    2  145 1667  818  666 1405 1906 1992 1000 1341 1028  878  164 1486  930 1948  212 1166
 1779  565  571 1870 1221  152 1480 1709   83 1164  576 1543  611 1632  683 1937  267  702  470  150 1994 1542  598 1861 1370  660 1746 1025  449  199  662 1416 1615  149  590 1355 1501    7  971 1091   21 1733  855 1335 1675
 1382  430 1495 1229 1440  673   11  213 1452 1479  940 1237  672 1932  610  533 1810  734 1263 1759 1714 1594 1549  981  915 1566    6  468    8 1762  932   68  546 1216 1117 2014  325 1388 1441  736  589 1044  421  903  988
  797 1200 1052 1569 1140 1690 1138 1791 1389  484  511  851 1180 1918  527 1818 1293  156  329 1397  697 1877  528 1626  277 1011  350 1159  944  676 1423  469 1085 1110 2003  135  231  577 1095  811 1713  139 1347 2007   65
  526 1638 1936  798   55  757 1899  821 1946 1096  936 1400  493  237  280 1660  807 1601  221  516 1785  263  499 1009 1547 1363 1737  924 1682 1147  786 1770  343  963 1758  663  497 1251  462 1856   85  147 1728 1628   69
  418  247  888 1649 1303 1457  670  330 1703   93 1872 1510  959  802 1927 1698  481 1395 1793  123 1288 1726  714   39  189 1604  871 1417  830  415   63 1708  703 1295 1467  839  317  689 2016 1158  885 1539  328  323 1844
  976  630 1892 1007  232 1038  400 1375  999 1433 1112 1379  934  668 1912 1078  556 1962 1891 1809  560 1083 1645  749  386  719 1803  865   76  235  632 1565 1156 1319  194  129  897 1123  559 1255 1795 1300  220 1859  178
  808  498  914   60 1574 2022 1481  860  745 1830  226  978 1644 1024 1917  407  557   64 1134 1219  765  455 1550  894 2004  472  916  222 1272  958 1449  227 1339  787 1838  678 1058 1437  588 1419 1898 1206 1297  392  502
 1909 1685 1141  917  742 1869 1033 1738  778  200  273  873 1821 1573  877  822 1922 1064  617  245 1424  514  112 1750  834 1204 1080  769 1154  756 1538  991  541 1711 1074 1051  853 1234    5 1959  278  198 1179  943  334
 1956 1413 1207  169  433 1273  522  475  841  155  889  159 1354 1030 1226  776  369 1434  733 1250 1778 1893 1436 1114  254 1568  551  357 1040 1858 1107 1696  984 1798 1101  262 1926 1584  671  771 1037  401  562 1290  882
 1826  110  319  456 1693  845 1611 1659 1325  503  586 1260 1282 1431  567 1563 1186  680  564 1583 1652 1610  402  486  424 1849 1294 1939 1326 1026  256   33  459 1027  705  438  648  744 1420 1022 1687  436 1935  303 1415
  561 1718 1418 1669 1279  709   57  352 1181 1920  218  938 1262 1940 1029    9 1187  788 1503 1455  520  337  653  294  682 1993 2021 1561  583 1247 1008  181  125 1662  116 1201 1301 1220 1704 1492  359 1765  101 1801  465
 1747 1344  283  805 1850 1146 1575  941 1857 1755  758 1829 1972  496  117 1833  324   52  360  252   12 1230 1450 1077 1057   35  954  322 1597 1036 1505 1252  706  782  399 1865  146  210 1970  395  942 1672 2023 1482  170
  895  374  945  770  637 1189 1016  351  552 1646 1916  241 1014  148 1928  422 1721  477 1947  594 1609 1155 1372  629  643   75   96  875  327  896 1552 1607 1885 1469  739 2005  832  596 1553 1656 1023  519 1150 1880  659
 1068 1884 1839  331  638 1761 1823  779  281  791  434  997 1359 1831 1971  429  624 1591 1621  570   24 1258  572 1999  361 1707  933 1629 1183 1843  134  537  804 1178  781  843   26  387 1910 1633   72  158 1306 1231  454
 1523 1562  879 1116  762  900   28  599  487 1832  840 1797  826  261 1808 1128 1786  271  167  543 1749  109 1915 1182 1508 1010 1323  276 2017  620 1368 1130 1767 1017 1222 1977  447  863 1122  507 1453  581  310  375  622
 1963 2002  238 1520 1160  255  993  616 1299 1790 1394 1066  760   51  854  750 1968 1634 1554  113 1148 1203 1176  377 1888   54  489  251  881 1491 1304 1487 1777   78 1533  529   98 1881 1900  384  397 1357  246  965  711
  645  362 1732  412  193  698 1558  473  887  858 1596   99  202  864 1337 1923 1196  949  253 1769  107  761  874  823 1484 1308 1822 1476 1190  347  495 1847 1438 1874  982 1414  549  437 1639  492 1069  661 1365 1511 1614
  195  340   92  899 1075  417 1086 1144  414  814 1278  868  538  364 1775  692 1805 1612 1996  618  975  927  320  217 1754 1348  690 1845  258 1729 1291 1771 1924  957  688   22 1967 1021  558 1124  708 1422 1925  990 1132
  604 1697  163  824  909 1374 1571  366  691 1921  859 1468  284 1184  891  482  986  721 1966  485 1631 1377 1651 1734 1619   79  124  774  669 1238  355  681   37  518 1070  491  451 1118 1587 1199 1961 1366 1802 1327 1280
  409  104 1336 1679 1531 1835 1254  290 1104 1472  767  309 1099 1312 1987  922  453  426 1650  550  144 1799  654  187 1458 1065  127 1955  686 1602 1529  842  812  631 1041 1313 1175 1463  883  275 1620  314 1292 1676  553
  432  524  179 1353 1705 1006 1837 1264 1371 1049  833  494 1315 1316 1658 1995 1442  591   16  539 1173 1617  913 1836  947   25 2020  890 1748 1217  633  108 1807  142  759  445 1032 1725  295 1627  699  285  619   80 2024
  849 1020  501  523  700  983 1664 1398 1655  857 1088 1429 1514  504   47  114  243  578 1139 1198 1202  190 1391  937 1477  652  483 1950  969  592 1330 1710 1647  244 1904  835 1127 1322 1929  515  326 1403 1973 1034  439
  634 1073 1931 1983  612  431 1739   36  176 1152  687  132 1352  784 1876 1794  192  912 1516 1599  435  288  102  370 1871 1212 1630 1789  838  847  794  926 1259  569  962  870 1695  441 1103 1241  892 1373 1149  893 1425
 1736 1356  236 1897 1042 1854  931 1980   31  188  679 1493 1753 1092  737 1233 1246 1951  994  898  626 1706 1593 1727 1193 1177  783   42 1448 1782  120  141  306 1674 1019  140 1084 1579  478  444  133 1256 1157  425  225
 1082 1411  655  250 1757   91  563  623 1577 1253  464 1171 1751 1975  205 1763 1115 1752 1657  772  579  130  349 1717  566 1986 1361 2013  341 1911  952  268 1624   30 1756 1047  977  423  474  126  443 1551 1518  650  906
 1412  696  321 1930  186  308 1248 1275 2012 1329  573  442 1466  743   10  128  867 1741  766 1535  554 1908  625 1113 1882 1270  837 1774   81   43 1161  613   95 1740  545  162 1548 1815 1287  987 1902 1848 1121  820  866
  861  813  925  471 1125 1168 1760 1305  353 1661 1227  902 1393  910  287 1686 1776  727  716 1522 1289 1245   82  196 1402  614  725  265  935 1284 1265 1618 1136 1945 1784 2010  953 1378   61    3 1834  674  185  298  816
 1642  224 1555 1218  911   34  517  203 1435  884 1985  534  785 1781 1846  452  905  506 1408 1191 1490 1570 1509 1461  715 1536 1098  458 1056 1345  918  677  548 1887  154 1867 1188  259 1334  639 1012  600  381  461 1406
 1062 1497  161  730 1743  928   53  174 1087 1109 1534  367 1005  301  106 1268    1 1031 1984 1328 1445  333 1046 1504 1589  166  642  904 1004  111   49 1978  724 1641 1266  979 1958  137  228 1580 1608 1942 1907 1524 1851
   50  105  183  829  535  342 1338 1557   15  657 1866  157 1194 1953   23 1842 1396  675  248 1731 1982 1224 1934 1824  354 1106 1108  704 2009 1648  356  230 1462 1302 1050  216 1680  876 1585 1949   18 1243  627 1349 1053
 1938  628 1471  701 1446  948 1209 1515 1637  803 1478 1296  385  608  647  122  989 1600 1890  365  428 1249  368  151  338  413 1421 1401  206 1309 1470 1654 1340  985  209  869   45  713 1163 1720 1989  908  403 1261 1896
 1855 1474 1712  223  406  488 1346 1588 1605   44  119  649 1681  722   94  607  658 1387 1598  886  846  584 1527 1170 1410 1684 1464  197 1143  667 1060 1367  180  801 1841 1701 1722  266  318  752  901 1507  780  636 1919