 1892  884 1843 1624 1459  830  862 1406 1747 1803  587 1232  140  972 1019   67 2098 1345 1164 1055  141  809  398 1975  943 1395 1600   86  922 1912 1366  484  871  890  683  864  573  337  103  553 1933  570 1039  850 1927 1438
  336  386  495  839 1825  939 1201  208 1690 1435 1813  930    8 1805 1941 1852 1667  263 1385  129 1872  866 1548   89 1768 2079  224 1722 1134 1034 1919  461 1150  303  757  666  278 1090 1830  779 1154  401 1589 1124 1647   60
 1384 1070 1601 1915  416 1204 1217 1570  301  663 1293 1940  121 1137 1842 1609  770  727  828  360 1682  305  732 1963  576  907   70 2043   61  132 1710 1270  498 1146 1653  910  634 1323  805 1295 1357 1426  795 1774 1032  624
  945 1226  345 1528 1222 1087  471  982 1476 1529 2018 1433 1443 1276  831  389   83 1814  579  493 1488  219  283 1258  756  488 2019 2038  318 2016  340  548  985 1638  673  308  572  529  512  612 1089 2013 2010  959 2009 1841
  171 1238  385 2035  267 1606  590   14  957 1743  881 1585 1514 1884 1931  431  656   15  292 1189   53 2002 1334  860  423  472 2045 1505 2108 1371 1305  629  868 2024 1687 1109  665   97 1776 1045  704  904 1851  941  458 1071
 1402  456   20 1970  856  993 1190 1899 1973  362 1535 1393 1564  325 1881  148  390 1775  843 1530 1040   24  497   55 1161 1713 1037 1588  631  460 2110 1622  314 1599  638 1006  715  940  677  775  895 1033  654 1383 1593 2026
  221 1542  681  482 1114 1595 1326  182   64 1473 1926   50 1467  814  630  501 1556  327 1284 1728 1540  551 1948  189 2088 2113 1080  832 1234 1964  131 1875  207 1649  911 1272  905 1955   57 1256  688 1321 1013  329 2097  523
   68 1611  718    1  712 1004  230 1544 1177   72 1736 1831 2103 1056 2003  234 2030 1577   52  627 1252  783  118  929 2007  253 1794 1471  934 1822 1437 1379  413  984  664  806  315 1462 1820 1139 1703 1107  128  358 1423 1804
 2115  894 1048 1508 1165 1338  948  486  203 1245 1735  377  285  697  167  998  782 1425 1319 2022 1745 1657 1007 1399 1273 1120 1666 1317 1413  786  295   92  643 1012 2020  188  399 1698 1721  133  545  616 1675  222 1403 1889
  701 1635 1178  966 1634 1292 1066 1274 1628  802  568  825  730  396  742 1017 1904 1151 1808  474 1510 1179 1524  169   19 1844 2052  144 1672  120  801 1749  728  846  586 1718 1115  614  204 1242   85 1572 1924  889 1421 1173
  844 1618 1431   18 1451  680 1739  299 1311 1552 1583  223  421  209 1946  909 1094 1126  851 1288  991  642  751 1105  310 2102 1152 1246  429 1183 1984 1587 1047  404 1809 1440  748  476 1009 1068  662 1457  187 1977 1228 1104
 1195 1184 1527 1663 1676 1072 1132  250  504  762 1479 1187 1081  266  508   49 1968 2006 1069 1386 1093  533  679 1726 1626 1885  469  201  684 1902  487  483 1826 1500 1348  819 2049  319   33  875 1289  101 1982  726 1670  422
  320  603 1680  448 1693  920 1392 1175 1807  383  341 1639 1079 1113 1850  126  774  271  424  925  152 2084  366 1244 1802  575  836 1754 1353 1567  891   99 1833  505 1944 1945 1965 1257  566  822 1543 1347  539  837  784 1118
 1377 1211   91  410 1960  537 2116 2025 1697 1620  540 1160 1418  288 1503 1751  282  147  785  617   69  607 1172  892  146 1452 2065 1877  165 1625 1621  156 2101 1251 2015  233 1980 1015   16  933  705 1854 1166 1176   48  816
 1307 1696 2076  392  975 1523  877   77   51   13  252  691  181 1923  293 1978   76  776 1059  332 1483 2042  606  595 1533  958 1801 1408  857 1465  668  777 1765 1930  535 1755 1494 1261 1767   82 1942  364 2114  926 1829  186
   66 1870 1382 2034 1640  420  344  706 1022  796  610  536 1704  365  300 1610 1603 1065 1716  880   78 1691  717  558  352 1615  963  317 1688  328 1445  686 1596  609 1707  532 2070 1674 1759 1665  865  514 1860 1077  571 1085
  818   38  216 1060 1627  338  412 1368 1419  979 1466 1144  561  670 1937 1145  565 1998 1212 1271 1686 1095 1301  908  427 1318 1729 1983  633  150  968 1227 2044 1584 1108 1752  106 1951  334 1461 1536   32  151 1341  409 1213
 1997  919 1659  761  788 1699   47   10  736 1351  971 1954  659 1127  240  648 1027  944 1551  531  588 1658  689 1559 1329  758  961  702  244 1574 1020 2066 1886 1023  298 1455  368  746 1361 1685 1496 1420 1604  898 1182  502
 1554  162  175  640 1046 1084 2099 1709 1799 2064 1474  277  290 1837 1340 1430  965  873 1956  510 1576 1757  330  750 1869  475  269  350  869 1771  185  937  981 1730  747 1202 1853  584  339 2077   23 1766  447  313  122 2085
  641 2072 1651  899 1810 2061  793  468 1512 1553  124  217 1024 1617  111 1499 1800  517  699 1362 1840  262  669 1784  967  257   98  651 1159  749  690 1370 1760 1372   39 1913 1782 1155  227 1016  608  660 1910 1249  754 1320
 1861 1236 1673  316 1303  237  569  254  859  343  853 1715 2107  444  439  815 1683 1907  371 1753 1646  280 1324  842 1905  964  653  649 1083   75  694 1891  522  855 1746 1785 1029  195 1641 1224  202 1777 1302  906 1309 1454
 1793  716 1623 1633  322 1943 1539 2014  176  847 1580 1192  703 1566 1210  924   25  116  511  496  414 2048 1781  803  833  996  956 1681 1521  380  594 1300 2012  646  235 1168  534  661 1897  753  509  936  671  912 1592 1929
  506 1711  525  744  100  355  639 2028  766 1018 1909 1308 1231 2033  248 1241 1051  492 1763  546  530 1339  897 2047  849  778  678 1396 1612  581 1516 2055 1770  479  953  952 2111 1579 1206  848 1003  214  838  138  878 1230
 1185 1453 2105 1349  397 1798  212  480  619 1995 1985  636 1740  172   90 1111 1733  989   41 2067  395 2056 1337 1656  647 1193 1502 1063 1221   43 1394 1828  108  284  698  791 1631 1557 1849 1235  462  270 1315  434 1405  160
 1243  721  166 1218  465  291  760 1380  903 1992  764 1590 1191 1969  183 2082 1142 1863  437  618 1298 1035  443 1702 1169 1648 1312 1614  577  149  110  115 1375  840 1429 1971  773  658 1549 1723 1874  554  419 1578  515 1283
  463  962 1684 1876  432  560    3  356  139  137 1859 1407 2029 1354  378 1679 1712 1967  347  693  913 1352   87 1470  388 1519  675 1196 1607 1378 1481  652  251 1427  896 1106 1545 1061 1026 1275  834 1446 1526 1328  916 1299
 2021  544 1608  598  580 1259 1916  459   28  931  923  135  351 1772   95 1981 1645 1504  861  245  743  348  692  623 1485  261 1001 1456 1043 1818 1597 1921  615  507 1991  820 1297 2086 1181 1209 1031 1637 1214 1935  324  400
 1174 1790  562  876 1073 1376 1865  829   84  797 1458 1974 1532 1410  854 1282  407  578 1864  436 2083  621 1489  370  136  485 1278  177  557 1197 1671 1156  739  287  205 1075 2000 1879  620 2075  157  239 1025 2089 1310 1550
 2037  997 1613  241 1140 1463   22 2023  119 1725 2051  734  845 1701  393   62  765  236 1036  731 2080 1215  807  792 1099 1654  331 1342  559 1862 1531  682  990  888 1186 1306 1002  745   45 1780 1806  464 1203 1996  225 1167
  687 1255 1053 1277  921  755 1797 1959 1331  304 1117  243  127 1436 1558  256  196   40  885 1819  813  800 1630 1573 1789   80  218  893  995 1327 1223  542 1993  473 1147  349 1432 2059 1441  780  296 2090 1990  695 1397 1650
  180  163  821  255   11 1030 1248  722  125 1325  626  585 1694 2011  564 1816 1216  667 1906 2069 1487 1460 2109  376 2058 1128 1014 1005 1082  858  874 1450  161 1415 1130  335 1011 1769 1858  289 1918  281    5 1961 1511 1112
   93 1662  154 1219   71  808  210  446 1541 1748  363  527  710   63  134  781 1932 2008 2040 1582  599 1365 1220  142 1934 1788  109 1285 1064  942 1761 1484 1381  259 1714 1464 1900 1291 2062  707 1719 1547 1269  430  738  425
 1101 1333  685 1518  676 1695 1988 1439  759 1878  394 1360  489 1796 1188 1364 1208 1705 2001  574  657 1914 1561   12  381    4 1247  220 1928 1568   79 1762  872 1848  105  467  174  323  824  555  804 1520 1979  418  817 1501
 1938  264  519 1947  249  604 1000 1507 1811  104  342 1472  645  272 2041 1143   30 1717 1148 1486 1491 1823  983 1290  882  625 1720  294 1821 2078 1133  466  258  391  153 1497  790 1444 1369 1815 2032 1363  130  361 1838  405
  307 1534  708 1893 1972  200 1129   56 1644 1744  369 1280  231 1123  593 1949  733 1110 2068 1475  741  194 1689 1939  228 1304  408 1950  812  457 1250 1163 1669 2039 1042  164  192 1233 1447  901  470  823 1791 1538  950  179
 1493   74  297 1896  549  435 2092 2081 2100  771 1727  155 1708 1287 1513 1731 1044 1517  729   94 1008  268 1052 1692 1898  374 1335 1200  451  767  725 1194 1868 1390  591 1903  312 1346 1010  276 1598 1952  247  601  114  226
  260 2046  955  589 1229 1636 1742 1795  799 1092  206 2087 2094  556 1602  168  455 2017 2073 1836 1330 1966    9 1999   58 1098  354  302 1028  613  452  433 1265  213   44 1925  789  863 1758 1170 1522 1076  644 1994  426  123
   54  246 1834  582  724  215  491 1655 1268 1125  211 1888  178  987 1787  306  107 1738  145 2063  113 1162 1917  709  117  159 1741  772 2095 1041 1171 1871   81  949 1581 1724 2106 2054  197 1398 1207 1478 1067  655 1827 1895
 2071  883 1537  384 2050 1642 2004 1322  541 1102 1652 1616 1560  902 1509 1619  628 1225  359  143  442 1266  914 1157 1391 1260  674 1057 1779   34   31  232 1058  900  867 1119  700 1088 1253  811   73 1525  190 1389 1678 1054
  199  740 1953  518  841 1783  309 1332 2104 1575 1911 1839  602  538 1569 1847    2 1294 1434  992 1404  112 1448 1422 1594 1100  879 1668 1845 1356 1158  478 1281 1506 2031  852  372 1103  637  454  477  438   37  918  428  311
 1180 1495 1149  810 1734 2093 2112  946 1482  516 1867  954 1449  567 1254 1086 1987   96  960 1629 1477  970 2091 1962  275  752  357  978  798  500  286  521  406  986 1417  974   21    7 1563  158 1706  713 1632 1314 1373   88
 1237  826  402 2074 1388   26  977 1412 1136  375   17  550 1846  528 1817 1344 1122  737  520 1199 1116 1049 1883   29 1492 1091  988    6  794 1605  719  935 1050  976 1316  980 1958 1096  415 1135 1986 1856  191 1565  870 2057
  927  411 1661  696 1374 1498  973 1792  583  173  711  373 1400  563  346  170 1887  720 1764  917 1198  994 1677 1021 1480 1138 1700 1424  503 1141 1750 1773   27 1901  524 1240 1936  513  273 1873 1737 1555  605  938  552  279
 2060  242  440 1205 1812  714 1756  382 1732  611  193  886 1468 1957  481 1824 1442 1409  597 1866 1387  650 1350  387  321  672 1153  999 1411 1586 1571 1279 1660  835  547  543 1355  827 2096  449 1515  353   46 1267   42 1313
 1262 1286 2027  238  526 1855  499 1296  915  274  635  969 2036 1490 1922 1097  887  403   65 1239  184  600 1367 1591 1264  947  596  379 1664  453 1778 1976  632 1062 1920   59  367  326  723 1857  490 1343 1359 1880 1121 1832
 2005 1786  735 1546 1416  198  787 1074 2053 1989   36  592  932  417 1908  622 1562  494 1890 1414 1263 1038  265 1078 1643 1894 1882  450  333  951  769   35 1131 1336 1401  229  768  445 1835 1428  441  763 1358  102  928 1469