 1830 1315  307  363  123 1931 2033  368  717   24  337 1203 1827 1116  648 1754  407   43 1936  750 1484 1167  596 1794 1676 1393 1615 1197 1368 1389  989 1161  494  308 1707 1756 1417  754 2118  174 1672 1044 1878  136   49 1402 2165
   52  161 2106 2203 1015 2014  928   26 2199  677  290 2131 1977  245 1650 1643  524 1674  947  571  623 1168 1334 2189  620 1108 1142  777 1006  625  169  732  728 1054 1103 2114  990 1344 1018 1692  172 1036 1117  143 2098  966 1834
  447 2132  654 1437  841 1762  922  451   64  641  543  671 1245 2158 2048   71  628 1512 1516 1783   39  902  618 2076  805 1907 1714  481  378 1448  848   78 1178 1521 1369 1017 1218  964 1991 1897 2150 1085 1881  255  607  499 1483
  920 2046 2067 1968 1606 1572 1464 1778  225 1477 1882  994  819  511 1012  440  504 1467  580  702  664  385 1943 1879 1188 2136  839  430 1290   22  867  612  934  642  464  655 1376  734 1696 1112 1283 1500 1802  699 2007  647   95
  796 1790  101 1682  120 1764  854 1182 1648 2012 1441 1791 1721  831 1929  319 1329 1293 1542  528 1625 1359 1517  594 1535 1350  107 1792  636 2026 1053 1884   19 1066  416  300  278 1449  792 1704  338 1922  298  159  695  795 1553
 1122 1950  194 1984 1386 2089 1622  201  306 1221  533  329 2155  283 2103 2101 1810  347  908 1361  774 1479 1265  869 1701   75 1123 1712  104  309 1614  195  817 1510 1128 1231 1695 2123 1549 1174  118 1473   79 1137  557 1435  684
 1141 1465 2036  133 1667 1600 1475 1589 1468 1789  812 1901  514 1004   94   10 2050  439 1200  467  289 1678  927  876  532 1631  686 1352 1677 1655 1307  549  658  846 1573  262 1296  122 1769 1997 1106 1641 1515 2087  318  552  180
  512 1408 1526 2182 2081  221 1295  776 1820 1717 1351  134  633 1184  132 1946 1031  379  389  342  663 2021 1903 2207  640  326 1591 1225   11 1009 1235  744  783  465  752  711 1534 1113  419  926 2204 2092 1630 1938 1059 1282  393
 1737 2184 1866 1102  906  844 1749  755  639 1694  668 1429 1524 1337 1947  836  240 1373  242 2017  488  834 1803  913 1206  276 1798 2159 1668 1885 1045 1533  462 1145  800 1134  207  866  258  171 1062  568  343 1288 1478 1125  331
  662 1438  954 1809 1320 2140 1255 1865  291  299  610  131   84  601 1587 1220  832   15  119 1770 1422  624 1275  427 1190  721 1616 2190  442  893 1828 1375 1623 2002 1207  656 1934 1966  491 1215  840  917 1047  588 2065 1838  541
 2198 1989  334  277  973  127  603  431 1324 1873  558 1107   97  679 1379 1048 2160 1925 1636  715  415 1348 1679 1854  881  217 1807   83  965  162  833  553 1680  597 1029 2079  157 2055 1143  646 1419  317 2023 1781 1880 1171 1728
 1933  335  142 1253  429  735  780 1444  675 1970  806  275 1503 1250 1719  779  269 1578  765  995 2168  156  564 1801 1335 1649 1856  649 1689 2047  925 1894  961 1163 1325 1367 1489  412 1133 1480 2025  370  879  282  793  188 1700
  667  355 1642  555  945 2192  304 2010 1209  738 2181 1507 1664  187 1284  193 1342  693  548  418 1658  402  722  566 1333 1226 1944  360 1710 1751 1070  726 1055 1016 1560 1864 1842  525  450 2020  313 1482  983  937 1940  248 1598
 1219  690  358  797  651  471  975  125 1169 1847  485 2111  129 2016 2004 1259  323  372 1407  933 1424  103 2059 2068 1271 1378  650 1525 1887  712  859  399  709 1633 2194 1322 2172   90 2175  689  740 1007 1430 1747  271 1082  998
 1651  273  665  591  251  341 1893  680  943  569 2022 1735  761 1459  252 1083 2128 1252 2153 1892 1932  682 1330  479  824 2039  345 1619 1129  100 1909 1563 1243 1780 1179  176  349 1844 1124  204  421 1554 2056  470 1410 1364  216
  731 1564 1409  350   48 1098 1491 1930 1557 1281 1495 1635 1841 1240  852 1729 1686  414 1345 1170 2001  733 1859  288 1395 1394 2112    1 1590 1371   30  366  314 2173 1628  631  457  228 1071  637 1358 2032  413  211  302  857 1617
 1339   54 1555 1287 2170 1121  281  872  265 1037 1974  855 1746 1278 1594  354 1957   47 2202  506  586 2142  883  617  838 1860 2109   92 2135 1063 1096 1506 1634    7 2176 1349  678  746  243 1309  915  280   99 1823 1891  953  411
  311  109  166 1742 2038  860  932 2171  703 1412  196  858 1010 1796  486 2061  957  500 1263 1697 1519 1978  112   91  241 1297  579  982 1388  719 1304 1280 1852  837  865  856 1987 1741 1511  224 1261 1390  105 1052 2138 1953 1405
 1782  139  357 1857  886  808  344 1398 2166  356 1323 1752 1709 2113 2051 1690  256  516 1366 1902 2107 1562  657  599   18 2177  458  554 1849  575 1693  261  742 1939 1744 1180   50  621  388  924  659   70  991 1404 1739 1595  608
  606 1198  351  247 1539  986 1110  759    8  460  681 1186 2183 1093 1736 2086  268 2052    6 1019  967  312  570 1504  478  847 1638 1074 1727 1556 1666  720 1565   37 1000  743 2157  590 1851 1442 1872 2141 1722  604 1963  144 1471
  234 1362 1975  843 1077 1470 1237 2191  565 1725 1115 1787  190 1773   29   89  694 1091 1740 1501  244  386 1338 2127 1972 1164 1877 2093 2102  438 2034  697 1705 1644   35 1995  164 2058   56  175  707  400  150 1426  931 1028  301
  741  489   85   38 1681 1355  373 1222 1401 1114 1962 1775 1162  200 1387 1440 2069 1870 1214  199 1294  573 1298  888 1187  546  185 1232 1372 2100   21  563 1724 1813  544  766  600  851 1558 1921  417 1152 1474 2053 1038 1458 1530
 1624  977  263  760 1446  453   80 1486 1101 1104  387 1942 1755 1948   59 1208 1079 1670  126 1955 1229 1314 2162  799 1195  293 1150 1733  218  215  420  907 1461 2126 2169 1090  938 1806 1603 2154  272  790  189 1840  632  267 1540
 1571 1954 1597 1310  850 1896 1023  813  891 1996 1357  560 1497  949  138 1147 1312 1099 1599 1246  321 1952  158 2119 2144  327 1132  584 1136  587 2129 1119  229  167  708  985 1979 1159  270  635  960 1397  701 1382  971  976  903
  736 2137 1466   46 1863  145  930  390 2156  877   73 1915  466  882 1609  885  110  404 2167 1738   98 1041 1825 1086 1020  348  916  616 1272 1730 1713 1156 1579 1013 1462 1088  804 1899  582 1993  626 1980 1050 1172 1982  536  353
   44  673 1629 2193 1302 1267 1961 1898  556  374 1396  183  226 1874 1289  346 2040  130 1421 1908  497 1576 1836  919  239  424  266 1202 1157 1920 1956  246 1492   58 1732 1999  770  519 1445  592 1759 1772  889  213  574 1423 1750
 1100  660  970 1279  286 1120 1659   45  826  946  551  477 1817  772 1868 1969 1340  165 2096 1581 1895 1550 1706  730   57   74 1078 1205 1774  310   87 1316  231 1964  294  305 1669  963  921 2196 2147 1469 1976 1715  823 1508  445
  572  173 1488  539 1073 1392 1602  152  758  510 1002  446 1148  987  487 1268  822 1726 2060 1928 1251 1476  669  984 1718  181 1688  111  202 1626 1665 2009 1547 1363  475 1983 1788  423  884 1545 1434 1381   60 2206  615  530 1988
 2084  763 1711 1819 1493  254 1327  369  871 1567  944  279   28 1570   27  718 2005 1069  698 1118  940  749 1415 1990  545  791 1057 1855  443 1743 1766  811 1777 1058 2180 2011  208  538 1081  672  292 1656  802   76 1177 2057 1531
 1166 2186 1076 1025 1260 1453  997 1951 1816   40 2077 1097  630 2030 2028  212   12 1149  151  501  365  609  896 1153 1239 1211 1291 1300 1127 1662    2 1356 1575  222 1487 1450  382  862 1514   20 2122 1005 2125 1703  522 1075  803
 1451  771 1241 1332    4 1196 2003  809 1413  674 2148  425 1604 2037  781  315  567  787  285 1011 1536 2174 1313   23   14 1785  613 2146 1941   81 1627 2049 1001 1427  918  102 2187  376 1384 1027  598 1111 1068  798 1183 1022 1577
  670 1244 2178 1155 1918 1061   67 1723  583 1612  747  230 1051  873  540  818 1800 1537  531 1109 1611  821   33 1971 1652 1574 1661 1588 2042 1014  408 1067 2095  723  260  472  206  644 1822  643 1905  517 1456  692 1811 1460  340
 1734  456 1765 1818 1608  825  835  810 1518  148 1033  950 1092  958 2104 2139  496 2164  325 1331 1087 1529 1354 1216 1228  409 1210  581 1181 2134  527 1592 2018 1657  653  724  864  898  935  897 1144   36 1230 1242  147  688  645
  436  900 2000  191 1858  214  952  788 1541 1258  706   41 1256 1596  432  745 1832 1217  764 1812 2044 1175    5  577 1745 1889  547  359  890  482 1277 1917  364  444  253 2024 1403 1522  748  177   42 1683 2130 1561 2085 2163 1890
  469 1551 2099 1824 1904 1425 2188 1771 1273 1760  406  786 1317  296 1249 2143 1839 1919 1030  710  209  352 1731   53 1383 1610   61 1042 1454 1494 1618  901  845 1026  962  559 1146    9 1900   25  611   31 1346 1845  336  448  979
 2094  219  473  297  168  502 2043 2006  968  980 1336  981 1443  484  714  474  936 2105 1105 1835 1654 2115  375  523 1804 1192  179 2117 1353  870 1876 1568  468 1520  203 1223 1411 1761 1306 1439 1552  380 1583 1698  332   13  257
 1301 1814 1060 1546  178 1960  135 1544 1912  483 2197 2110  197 1285 1095 2008  398  507 1135 1637  729 1176 2124 2075   65  769  578 1024  236  437 1758  377 1687  493 1883  116  849 1793  160  911 1347 1613 1311  233  904 1139 1646
  861  676  815 1886   55  794 1805 1224 1432 1786 1499  422  186  330  691  941 1189 2161 1848  113 2090 1212   34 1341 1201 1238  652  140  969  972  284 1607  287 1254  320 2088  508 1675 1862 1365 1318  853 1569 1593 1292 1377 2120
 1374  198 1973  534 1620  395  163 2121 2133 1543 1702 1949 1645 1040 1138 2195  912 1247  880  435 1414  227 1605  381 1154 1992 1528 1846  303  333  756 1199 1455  737  757 1795  874 1400  784 1632 1691  250  362  894  403  476  490
  895 1871  713 1509 1767 1126  605  739  495 1056  249  328 2072 1779 1663  868  974 2080  259  295   17 1194 1826 1457 1185 1967  550   16  463 1753 1831 1927 1532  542 1326  434  899  619 1034 2116  153 1875  433  324 1861 2045 1213
 1046  223  426 1548 1776 1043 1039 1653  428  383 2208 1797  503 1496  939 1257 1269 1621  892 1914  264 1370  929 1072 2074  988  454  394  909  704   51 1234  955 1837  238  661 1808  807 1685 1173  751 2070 2082  210 1463  863 1428
 2205 1945  141 1328  914  322 1958 2145 1748 2019  992 1433  775  789  537 2185  384  782  397 1262 1227  923  339 1286 1601 1276 1923  595 1130 1305  687 1452 1049  773  232 1998   32 1867  634  146 1935  392  585  220 1640 1906  521
 1021 1472 1910  820   69 1064  816  182   66  505 1869 1003  515 1065  828 1853 1660  629 1799 1270 1502  905 1274 1233 2091 1913 1084 1708 1319 1580  106 2108 1981  993  593  371  705 1639  627  170 2071  827  526 2015  405 1264  509
 1538 1131 2200  638 2035 2066 1757  576 1911  561   62 2029  614  956 1527  942 1248  396  727  513  455  842  753  535 1380   88 1965 2083  716 1416  910  391   63  137 1784 1994 1418 1833  441  830  115 1673 2152 1584  124  785 2041
  401  829   96  602  235   77 1420 2063 2078 1343 2149  683 2031  498  999  762 1165 1821 1321  520  978 1193   93  700  452  108  887 1236 1391   68 1671 2013 1089 1585 1924  155 2027 1684 1716 2064  480  666  205 1505 1815 1829 1308
 1720 1586 1385  361 1140 1699  529   86  948 1481 1498 2054  951  959  778  149 1523 1299 2201  801 2151 1035  461  192  725  562 1490  696  114 1582  768 1763  316 1768 1888  878 1566  117 1204 1843 1485 1032  274 1008 1160 1406 1303
 1191 1080  410  875 1360  685  121  367 1151  996   82  518  622  128  492  237 1559 1399 1094  154 1985 1431  767  814 1158 2209  184 2179   72 2062 1647  459 1959 1850 1436 1266 1447 1926  589 1937 2073    3 1916 1986  449 2097 1513