 1986 1643 1852 1378  869  329 2129 1081 1295  126  846  140 1897 2080  956 1953  890 1262  134 1689 1728   71 1801 1014  346  832  335 2019 1737 1046  951 2225  299  848   50  633 2023 2218 1038  894 1311 2266  507  485  820  378  927 1983
   10  879 1101 1351 1987  418  540  178  831 1638 1180 1697  933  110 1004  516  641 1436 1828  798 1773  862 1271 1363 2003 1765 2121 2217 1120  273 1893 1566  520  166 2172 1512 1394 2229  385  776 1133 1802  489 2282  583  676 1633  265
  235 2040    6 1406   56 1593  375 2214 1267 1039 1475 1692 1669 1532 1916   87  865 1030 1658 2213  154 1397  818  327 2136  709 1744 1196  612 1292 1836 1190 1070 2271  545 2061 1088  902  574   95  419  374  971 1244 1981 1786  171 1989
 2016 1962 1542 1730  361  723 1572  240   21 2228 1546 2167  889  317  804 1124 1718 1345 2145 1299 1143  929  433  350 1563  211  967  602 1909 1493 2190  139 1974 1505 1216 1247 2279  802  646  905  430 1664 2233  690  106  262 1146  537
 1971  897 2221 2151 1265 2193 1736  441 1072  748  803 1734  928  715  544   49 1087  150  118 1033 1640 2115  886 1526 2268  147 1682 1160  885 2296  712 1534   32  191  577 1006  511  866  978 1280  446 1825 2237 2276 1874  908 1237  369
 2236   57 1624 1724 1845 1748  982   33 1282 2205  174  792 1274  663  473 2164  795  513 1787   55 1460  780  421  301 1235 1163 1013 1012 1722 1931  734 1681 2117 1056  961  760 1473 2059  703 1617 1365  416  187  151 1392 2008 2026 1150
 1875 1269 1626  976  597 1496  444  801 1079 1440  799  496 1367 2056 2048 1287  101 1446 1749  466   85  863 1041 2245 1445 2263  785 2239  121 1073 2158 1842 1212 1519 1214 2091  555  237 1756  854  133 1077  525  769  474  502 1204 1620
 1185 1347 1234 1026  188 2161 2083 1001  891  772 2024  326  942  931 1379 1412  742 1336 2060 1873  880  736  515 1097 2206 1837 1454 1241 1650  849   76 1243 1552 1040 1323  354   61 1297  221  770 1142 1091  183 1761 1384 2142  348 1954
 1139 2143  839 2039 2303 1606 1968  758 1514  263  403  512  962 1443  601 2107 1788 1224 1078  900 1213  977 1758  189  297 1181 1034 1158  786 2079  311 1166 2100 1438 1318 1975 2157  125 1622 2089  535  462  777  660  661  984  465  213
  632 1676 1834 2065 2070  955 1598 1943  793 1556 1645 1228  688  990 1878  469 1830 2176 1161  495 2050  907 1017  838 1324 1092 1416 1353  518  775 1476  539 1850  996 1509  144 2017  181  203   53  584  252  881  451 1543  878 2211  580
  829 1068  233   74  259  253  194 2125 1334 2290 1062    4 1920 1890 2109  981  764 1632 1886 2004  767  937  746 1685 1264 1672 2243  407 2140 1882 1911 2074  129  718  227 1541 2134   16 1164 1812  448    9  588  950  586 2038 2000  321
 1010  563  781  674 2198 2260 1723 1189 1332 1776  647  395  836  645  807 1824  367  156 2202 1900 1782  141 2231 1895 1912 1990  239  949 1450  164  702 1942  644 1266  414  372   80 1421  355 2265 1277  370 1934  482  205 1463 1922 2168
   79 1134 1585 1208  656 1320 1809 2037  664 1596 1700    2   65 2014 1251 1337  635 1293  916   89 1740 2093 2011 1127  401  884 1211 2033  714 1356  851   13 1432  491 2150 1940 2002 1147 2113  312 1750 1951 1210  155  833  835  471  704
 1344  229  873 1713 2098  713 1663  523 1270 2124  858  613 1518 1522  852 1250 2273  257  649   17 2240 2128 1391  669  899  607 2035  160 1137 1284  344 1621 1797  380 1413  314 1402  740   82 2053 1557 2095 1506 1533 1491 1283  109  691
 2139 1827 2292  988 1209  864  453   99 2046  759  639 1793 1889  382 1480  828 1477 1561  103  431  837  215 2261  499 1993  170  411  926 1227  182  979 1238 2183 2175   62 1288  216 1832 1965 2042 1114 1570  903 1555  842  605 2064  707
 1766 1468   28 2283 1502 1112 1591  850 1952 1823 1712 1021  305 1847  456  564 1376  517  142 1489 1608  756 1603 1482 2127 1513  388  180 1687  695  972  341  434 1426 1976 1111  261 1099 1732  192 1060 1051 1504  455 1403 2258  749 1453
  279 1306  387  290  328 1610 1864  266 1028 1485 1537 1249 2248  522  789  347 2138 1597  594  521 1123 2174 1910  199 1857 1109  161  196  368 2188  300  592  572  939 1759 1888 1539 2209 1630 2194 1794 1259  116 1628  618 1272 1242 2099
 1455  975  754 1094 1771  459  716  566 2219  320 1941 1631  673 1059   15 1661 1015 1023 2043 1551  934  393  924  877 2201  325  960 1817 1032 1693  720 1389  896  986 1704  870  542  904  197  787 1999 1859 1938  531 1835 1411  508 2147
   36 1057  567  477 1193  590 1031 1501  310 1465 1359 1176 1998   77 1350  662  922  796  138 1992 1488 1789 1803 1343  333 1944  436 1781 1816 1636 2105  800  659 1131  553 1047  410 1580 1113 2256 1049 1569 1439  725 1656 1861  445 1856
 2251  911 1159  533 1991 1461  730 1894 1035   44 1927 2170 1151  458 1187 1530 2187 1377  479 1671 1511 1122 1708  114  611 1020  467   69 1498  657 1182 1330 1414 1090 1950 1755 1720   90    5  651 1045 2111 1279 1929   37 1946  208  655
  875 1022 1254 2184 1892 2257  104  887 1331 1908  284 1582  952  322 1618 1562  184  693  912  732  470 2247 2241  993  815 2173 1431  995 1715 1651 1148 1742  819 1804 2120 1515  604  753  294 1043 2291  824  481 1110   19  243 1183   41
 1811 1936  808  332 1067  212 1019  930   98 2044  356 1997 1923 1194  705 1996 1029 1917   68 1313 1958  220  631 1686  642 2076 1980 1778 2220  980 1647  708 2186  503 1763 1945 1684  529 1500  163 1564  132 1050  336  686  468  275 1255
 1694  224   84 1747  524  560 1240    1  925 1302 1549 2153 1459 1055 2027 1294  425 1919  598 2012  219 1855 1768  158  251 2196 2159  148  719  461  968  442 1775 1082 2001  685 2022  534  585  338 1984 1076 1879 1523 2297 1554 1806   43
 1115 1430  600 1291 1349 1674  399 2068  640  509 2207  532  694 1132 2036 1186  289 2234 1175  895 1777  575  671 2179  450 1184  689 1547 1086 1399 1404  652 1410 1128  579  733 1525 1374 1494  969  302    7 2285 1444 2007 1173  298 1524
 1691 2085 2171  143  755  675 1002 1795 1957 2281  625  757 1162  313  710  127 1821  394 1338 1289  415 1714 1007 2034   94 1278 2073 1286  893 1627  185  272  102 1222 1405 1361 2230 1846 1550 1418  267  438  857  274 2185 2005 2055  136
 1535 1340  429 2249  406  679 1472  281 1939  343   31 1011 2210 2192 1285 1725  131  876  115  822  739 2232  443  145  827 1503 1891 1662 1069 1169  666 1063 1317 1665 1233 1370 2045 1796 2235  554 1429 2063  316   12 1937  162 1258 1448
 1106  293 1005  883   11 2254  944 2259 1921 1290  238 2112 1355 1239 1126 1415  484 1398  549   27 1780 1701 1508  670 1586  668  797  234 1609 1644 1256 1659 1849  681   83  505 2054  779 1964  386 1574  149  402 1435 1420 2133 1116 1769
  548  119   47   59 1358  242  593 1304 1275  283 2252  422 1119 1619 1140 1657 2227  783 1452  626 2215  936  318 1933 1008 1791 1653  175 1616  696 1003 1915  319  483 1305 1366 1604 2278 1587  768 1625 1746 2146 2295 1918  790  286  420
  186  248 1346 1558  853 1380 1307  735  552  202  287 1197 1456  426  547 2288 1977 2009  812 1655  135  809  169 1870  692 1044 1409 2141 2162 1225 1807  278 1229 2267 1810 1171 1808 1371 1368 1471  587 1016 1600 1924  124  306 1683  823
  991  966 1819  559 1424 1386 1396 1985 1339   30 2294 2078  845  859 1495 2131 1188 1321 2197 1757 1516 1333  225  476  841  463  638  791 1462 1096 1913 1121  236  379  210 1710  339 1492 1168  475  683   45  231 1457 2103 1226 2087 1544
 1433  222 1575   23 1887  573  987 1774  576  111 1602 1599 1703 2135  938  840  337  424 1507 1316   38 1058 1281 2177 2086 1707  447 1108 1138 2226 1352 1660 1805  193 1590  190  806  226 2204  334 1902 1848 1956 1053 1466 1419  256  232
  198   26 1826 2298  492 1531   46 1301  498 1261  872  855 1677 1061 1231 2021 1442  315 1814   29 1177  892 1800 1536  207 1784  935   18  595  751 1673  913 1623 1589 2208 1699 1935  810 1926 2244 1705  940 1103 1232  108   20 1223 1880
  654  358 1792  653 1760 1695  340  364 1252 2130 1592  352  619 2010 1342  308  609 1678  581 1560  918 1862 1577  882 1711  309 2284  217    3 1341 2052  617 1970 1395  452  596  678 1731 2013 1393  726 1738  546 2114 1735  360 1607  844
  304 2029 1400 2222  404 2028   14 2300  706 1381  946  501 1717  763 2015   63 1851 2301 1125 1362  366 1095 1434 1102  137  200  530  711 2180  550 1192 2253 1200 1312  390 1417 1425  606  526  342 1611 1481 2155  295 1154 1464  637 2123
 1729 1642 1973 1594 1025 1217 2293 2092  391  209 1706  376  817 1839 1613  909 1553  556 2132 1074 1042 2097  636  826  558  699 1408  365  747  684  268  120 1064 1385  752  914  774 2275  291 1490  247 1884 1009  258  396 2084 2287 2020
 2067 1407 1770  697  494 2269 1048  177  608 1754  682  460   51 1820  997   70  353 1528 1762 1896 1867 1303 1329  700 1470  813  153 1866  717 1739 1639 1752  921  195 1767 2264  241 1903 1963  630 1629  165  603 1605  435  457 2191 1093
 1314 1709 2058 1157  672   42 2165 1679 1688  620  959 1948 1135 1322 1383 1458  665 1257  363 2090  562   86  788 1667 1268 1969  331 1733   54  634 1310 1753 1949 1654 1373 1104 1199  616  965 1315  146  303 1300  830  514 1296 1881 1036
  860 1885 1680 2082 1298 1529  271 1486  172 1578 2163  449 2018 1637 1085 1447  569 2262  974 1822 1545 1726   48  122  599  731 2223 1273  112 1484  874 1906  478 1745 1155  351  816   52 1675  643  398 1178 2250   88 1129  945  307 2200
 1907  260  737   39  923  765 1071 1914 1165  464 2051 1634  280 2272  917 1382  487 1928 2182  173  493 1843   58 1790 1646  698  687 1375 2166 1521 1141 1253 1932 1865 1649 1327  359  423   64 1130 1860 1427 2075  168 2071 1615   93   40
  999 1065 2108  578 2102 1107  871  589 2116  117 1202 1218 2178 1075 2238 1877  413   67 1779  230  624 1702  204 1548  527 2049  920  622  910  264   66  964 1428  591  223 2106 1308 1260  963 1652 2289 1540  330 1696 1751  861 2137  856
  888 1635 1117 2154 1198   92 1670  497 1841 1966  282 2096  100 1335  371 1876 1764 1195 1219  680 1221 1721  847 1499  750  561  400  738 2110  983  727  245  296 1930 1719 1388  519 1972 1387 1901 1863 1568 2069  744 1170  270  454  292
 1478  677   35  480  551 1979 1995 1988  486  901   91 2277 2119 2216   22  130 1840 1716 1579 1813 1328 1872  658  729  957  811  277  743  782  745  919  627 1904 1230 1325  167  565 1469 2286 1449 1955  868  614 1167  246 2304 1207 1743
  201 1601  543 1390 1967  427 2066 1024 1925 1798 1559   73 1100  373  610 1583   75  510  629 1783 1982  898 1246  152 2152 1437 1083 2212 1206 1319 1567 1899  377 1000  157  650 1098  648  254 1831  249 1220 1978 1818  867  992 2006 1785
  721  412 1027 2255  771  948  288  628  761 1854  667 1698  973  392  206  843 2299 1348 1203 1401  285  437  490 2122  906 1474 1423 2149  214  805  409 2280  528 2072  701  218 1838 1612 2203 1360  724 1156  362 2104 2270 2126 1595  762
  439 1441  113    8 1538 1871 1858  244  766  814 1191 1883  276 1483 2118 1527 2047   60  440 1573  915 1084 1869 2025 2081  825 1172  794  228  323 2057  970 1844 1648 1174 1052  128  383 1276 1833  582 2246 1215 1588 2041   25  773 1479
 1994 1066 1451   24 1959 1118  994 1152 1868  250  159 1772  107  408 1153  953 1487 1236  541  538 1815   97 2156 1565 1149  958 1245 1641  571 1690  722 1037  615 1357 1080 1372  255 1263 1584 1666 1727  506  784 2160 1497 1853 1581 1144
   78 2030 1510 1136  568  557 1668 2094 2144 2189  954 1369  623  741  324  428 2062 1089 2199 1961  941  417 1947 1517 1105  176 1799 2195 1960 1364  728  397  269  381  985 1614  349 1898  570 1571  536 1905  488 1576   96 1201  432 1179
 2031 1741  504  345 1326  389  998 2032 1145   34 2242   81  500  834 2169   72 2101  179 1205  405  821  123 1422 2077  384 1309 2181 2088  947  105 2224  357  989  932 1018  621 1248 1467  943 1054 2274  778 1829 2302 1354  472 1520 2148