 1466 1074  519  412  816 1526  145  763 1149 2008 1408 1041 1156  542  889  734 1606 1720 2079 1190 1002 1701 2239 2386 1134  399  424 2059 1996  600 1479  725  822 2024  257 1763  999 1731 1993  985  642 1033  738  220  528 1928  766 2303 1730
 1448 1387  835 1271 1824 1719 2305 1484 1496 2350 2392 1550 1037 1985  275  718 1170 1373 1416  510  721 1933 1507  964  335  630 1804  251 2372  489  365  586  326 1802  711  798  276 1905 1087  350 1151  518 1199 2226 1710 2019 1027 1046  196
  625  347 1754 1197 1884 1102 1159 1828 1296 2210  634 1863 1617  182 1912 1490 1474  169 2334 1355 1694 2182 1958  903  165 1666 1032   61 1409  583 2106  507 1341  823  744  294  454 2149  152  437 1050 1026 1166  413 1600 1541 1528 2010 1423
 2075 1192 1930 2393 1008  199   83 1827  882 2028 1726 1969  194  197 1691 1160 1641 1667  457   38 2367  541 2133 1071 1819   90  308 2289 2249 1084  236 1518 1167   35 2076  700  856 1366  416  622 1186  585    9 2219 1733 1407  841 1861 1708
  525  560 1058 1906 1253 2002 1455  121 1256 1644   21 1243 1274 2198 1014 2181 2096 1437  495  939 1103 1215  223 1752  167  828 1744  601  258 1126  847 2326 2216 1406 1194 1275  332 1991  207  629 1280 1657 2394  160  802  544 1467 2237 2190
  462 1060 1865  101  222 2115 2141 2340  876 1685 1048 1963 2082 1615   20  870    5 2368  118 2083 1555  494  844  552 1978 1793 2053 1605 2212  188  650 1823 2138 1096 2236 2259 1131  894  120  773  273  781  770  189  904 2055 1645   64  735
  591  209 2139  219 1371 2223 1142 2011 1931  264 1260 1830 1147  595  502   14  441 1618   78 2105 2007  538  687  566 2050 1688 1778 1756 1840 1914  749 1237 1663  210 2283 1063  283 1975 1892 1119  666  136 2073 1849 1092 1503 1689  660  193
  540 1821 1854 1711  111  445 1594  401 2170   71  113 2144 1979 1715 2067 1656  915 1557 2072 1360 2004  792  396 1401 2119  383  784  716 1522 2031  466  833  967 1684   76 2058 1871  892  498 1054  996 1961 1829 1242  651  340  517 1169 1301
 1137  919  228  801 1184   15 2035 1915 1925 1017  469  533 1129 1157 1079 1725 1415 1400 2374 1655  537 2250 1687  346 1746  235 1480 2164  499  681  177 1636 2112 1782  563  272 1281 1251  303 1581   66 2178 2154 1421 1619  406 1536  667 2107
 1611  342 1141 2382  179 1392 1634  520 1356 1101  366 2347 1003 2357 2146  348  731  253  699 1049 1047  931  543 1716 1321 1943 2148  500  187  618 1535   73 2029 1158 2230  649 1298 1255 1000  301 2137 1648 1922 1668 1076  607 2246   97 2009
  470   44 1855  418  465 1365  547  909  330  970 1044 2284 1676 1772  663  627 1602  241 1150  555 1662 1511 2214 2328  771 1918  701  592 2023 2229  617 1788 2158   69  937  641 1066  355 2310 1482  727  886 2321 1803 2200 1419 1090  428 1616
  578 2391  845 1206 1921  698 1289 2304  747  237 2301 1760 1779 1283  352 1706 1414 1334    4  359  397 1683  436 1501 1040 1765  581 1882  319  819  509 1986  142 1231  670  310 1252 2056 2253 2125  270 1714 2128 2204 1081   23  434 1470 2060
  573 1556 1036  252 1681 2376  626   87  980  411 1189 2143   40 1471  143 2257  614  556 2322 2279 2218 2005  880  963 1125  863  198 1625   84 1316  809 1381 1473 2312 1411 1573    6  631  304  154 2401 2272 2199 2129 1228  155 2361 1065 1116
 1866 2336 1549  755 1944 1385 1491 1018  392 2207 2147  958 1140  805  227 1652 1315 2061  925  158 1091  376  778  733   11 2102 2329 1302  433  854 2260  266 1404 2202 1162  536 1593  836 1277  358 2069  934 2071 1209 1678   60  976  901  717
 1457  173 1546 1639 1015 1795  284   82  496  317 2167 1797  202 1534   51 1697 1659 1698  526  156 1872 1323  444  333 1363 2276 1876 1109  852  774 1220  313  508 1202 1324 2293 1747 1207 1848 1023  477 1920 1873 1833 1308 1890 1542 1939  869
  610 1163 2288 1940  736  448 1430 2196 2046 1899  748  688   26  684  730  321 2240 2123 1399 2043 1351 1513  647  644 1949   39 1067 1469  898 1246 2369  598 1175 1837  432 1585  171  553 1273 2194  420 2247  261  447 1527 1852  322 2052  953
  837  263 2026  410   52 1450 2269  987  391 2044 1426  157 1343  431  843  140 2132  783 1029 2383  997  624  356 1941 1946  867  114 2121 1250 1459 1438 2387 1249  338 2338  616  524  722 1562 1195 1114 1835  337 2048 1709 2126 1578 1954  708
 2057  757 1393 2221 1860 1901  530  859 1139  532 2015  932  938 1396 1369  692 2089 2063  806  231 1462  248  296  910  611 1533 1493  221 1808 1603  584 1818 2235  455 1185 2359  388 2313   37 1800 1750  668  615 1981 2013   55  371  890 1367
   92 1846   50  795 1762  704  760   58 2054 1658 1737 2264  776 1382 2378 1951 1995 1107 2145 2285 1759 1927 1868 1864 1554 2227  293  523  216  691 1247 1146 1897  323 1028 2087  645  664 1340  705  920  992  446  482  745 1948   43  183 1287
 2062 2351  956  389  851 2174 1295 2049 1740  174 1646 1410 1973 2332  765 1839   41  580 1269 1417 1121  225 2317  208  191 2068   46 1812 1098 1205  163  752 1887  936 2022 1354 1774 1172 1294 1335  761  677  991 1420  762  858  935  739 1413
 1055 1053  815 1485 1305  973  138 1389 1627  972 2041  673 2316 1753  484 1612 1007 1919 1807 2140  782  608 2114 1938 2099  514 1785 2234 2189 2150 1326 1968  968 1089  777 1020   49 1736  100  635   68   18  628  126   98 1889 1005 1677  695
 1456 1886 1841 2251  930  449  311  146 1767  527 1770  683  865 1313 1362 1859  290 2306 2187 2228  675 1917 1357 1838 1633  291  827 2152   48 1104  285  803  108 2287  328 2280  438 2108  812  791 1713  978 1212  129   29 1022 1070 2274 1913
 1311 1196  878 1453  493 1570 1376  866  605  669  905 1345  568  821  137 2209 1680 1138 1815 1216 1219 1629 1856  104 1640  427 1309 2211 1272 1239 2134 2153   81 1268 1703 1604 1179  440 2243 1468 1673 1878  926 2091  204  576  676  430  965
  203 1514  147 2258   32 2233 2176 2047  467 1339 1722  327  602 2330 2222 1591 2364 1075  369  485  888    1  597 2021   65  472 1896    2 2296 2267 1328 2003  786 1461 1088   19   62 2101  443  280 1258  426 2297 1257 1847 1504 2281  458 1942
  893 1700 1073  682 1806  249 2311  363 1478 1168 2109 2085 2292 1908 1521  558 1372 1043  274 2186 1349  425  706  594 1303 1810 1967 1261   10 1424  948  459 1565  124 1444  923 1844 2104   79 1934 2100  643 1874  680  404 1780 1498  172  354
   89  546 2135  184 2314  662 1489 1869 2070  282  360  834  787 1977 1177 1598  871 1574  897 2093 1135  891  875 2398 1136 1266 2042   74  984 2362 2244   12 2399  874  994  312 1817  185 2118  405 1130  239  395 1531  632 1880 2400 1497  814
 1893 1443  636 1035 1732 1515  473 1672 1787   33  790  596  657 1568  213  831 1095 2248 1621  648 1883  887 1957  732 2282 1113  780 1628 2172  289 1608 1086  804  993 1576 1924  464 1350  848 1670  857 2224 1748  206  531 2203 2252  279   17
 1229  559 2116  226 2238  959 1643   67 1165 1721 2308  400  164  278 2355  394 1664 1566 1834 1082  928  386  476 2324  115 1559 2385  474 2356  421 1584  260  132 2358 1276 2030 1405 1284 2120 1418  883  715 1106  753  242 2124  557 2277  933
 2122  696  850 1056  808  955  853 1464  946 1069  343  244  302  153  982  122 1661 2365 1558 1525 1945  979  102 1241  820 1331  759  772 1853 1735 1702 1221 2188  975 2217 1225 2159  621 1983 1213 2396  751  590  497 1682  479 1425 1651 2263
 2241 2291 1201 1826  456 1445 1610 1517   47  398 1631 1379  492  349 2360  830  710  574 2256  375  435 1187  109 1072   56 1097 1637  728  860 1263 1422  151 1900 1970 1642 2342 1442 1966 1820 2335 1440  767 1477  292  569 1653 1233 1318  678
  150  357 1523 2131 2345 1510 2185 1984 1475 2136  703  504 1792  918 2142   86 2220  373 1635 2213  829 2201 2113 2038  159  724 1064  962  825 1769 2162  813  130 2080  382  281 1831   22 1259 1910 1481  879 1183  314  345  983  214  593  921
 1330  998   13 2346 1583  646 1903 1235 1926  439  952 1704 1738  505  672  971 2245  606  385 1452  567 1902 1693  623 1669 1291  929 1907 2095  924  491 1801  794  693   25 2034  442 1278  990 1623  912 1019 2352 2191 1988  463  775  713 1016
  609  995 1909  390 2192  565 2298 2032 1609 2127  793 1152 2319  575 2266   45 1336  577 1391  106  945 1545 1775  178  907 1483  789 1123  659 1245  215  619 1784 1100 1879 1816 1695 1538  139 1654  807 1832 2163   34 2078 1236 1529  367  429
 1622 1230  112 1085 1211  768 1217 1858  374 1904  271  393  788  654  902  205 1451 2166  409 1739 1601 2027 1956 2183 1178 1932  105 1188 1632  981  554 2020  230  307  811   94 1962 1361 1597 2315 1647 1006  452  407 2290 1431 1115 2331 1777
 1989 2025 1038 1441 2157 1143  247  949 1429 1105  861 1929 1596 1059 1337  572  372 1329 1348 1353 1377 1293 1270 1798  720 2169  758  450  529 1509 1936 1290  320   63  570 2014 2173    7 1582  690  490 1553  265 1502  862 1200 2110 1696 1374
 1761  729 2271  855 1768 2094  796  785 1796 1013 1567  478 1218 1025  269  916 1660  564  726 1638  259 1282  966 2168 1506 1062  149  640  746 2039 1458  414 1888 1742 2348  589 2375  689 1614  246  161 2197 1630 1857  877  417  370 1867 1364
 1976 1234  737 1083 2379  817 1342 2193  665 1264  603 1587 2111  582 1148 1870  267  913   54 1472  181 1960  588  475 1569 2036  408 1589 1061 1624 1620 1111   30  685 1122 1210 1358 1543 2255 1094  947 1180  403  954 1214 1153 1999 1347 1836
 1232  535 2206  148 1449 1789 1519 1590 1182 1346  119  846  707 2177 1227 2033   80  917  908  655  818 2370 2363 1193 1226  679 1267 1009 1238  884 1898 2092  339  288   31 2275 1378  551 1476  344 2341 1776  561 1718 1825 1862  548  107 1727
 1299 2366  488 2000  599  422   70  341  217 1039 1297 1045 1911  911 1563 1875 1312  906 1577 2261 1540  653  186   99  914  900  944  487 2318 1799 2232 2384  368  824 2130  402 1332 1845 1380  305 1990  483 1325 1671  329 2215 1110 2012 1173
  977 1786  756 2001  969 1964 1171  255 1191  799  694  232 1338 1955  579  190  353   85 2045  988 1434 1674 1001 2184 1198 1403 1971 1352 1394  297 1174 1397 2344 1665 1254  245  832 1842  942 2353 1729 1068  513 1734 1057  534 1520 1987  423
  511  262 2151 2320 1359 1463  286  378 2333  331 1279  658  743 1012 2084 1707  480 1164  922   16  306 1937 1208    3 1439 2006 1895   88  885  506 2225  361  250 2354 2273  234 2090 1155 1307 1794 2161 1505 2388 1560 2016  941  797  211 1495
 1552 2175 2286  116  522  516 1758  714 1524  881 2165 1402 2278 2160 1537 2294 1031  461 1344  192  779 1244 1388 1030   77  674 1885 1432  128 1265  256 1204 1580 1595 1132  277 2180 1974  539   59 2397 2018  135 1561 1117  868  387  951 1809
 1592  175   72   42 1319  195 2064 1607  451 1690  325  638 2309  639 1850 1723 1686  200  620 1203 1176  334 1757 1997 1805 1011 1427  453 1650 1771 2323  127 2373 1613  661 1223 1314  298 2325  927  604  562  512 1751 2380  384 1843 2349 1499
 2307 2381 1288 1743   93 1500 1118 1395  318 1980 2265 2074  764 1699  974 1375 1386  168   96  233  895 1433 1368  134 1575  849  950 1881 1383  961   95 2295 1551 1077 1436  300 2077 1078 2040 1446  899 1370   27  364 2254  702 2051 1021  180
 1024 2156  229 2268   53 1127 1460 1333  324 2302 1093 1080 1486  243  117  800 1222 2371 1773  750  501 1712 1588  362 2065  415 2171 2017 1512 1950 2179 1790  351 2205 1749  839 1034  224  571 1508  637 1390 1822 2242  709  238 1322  240  295
  826 1224  838 1811  123  515  471  549 1953 1877 1306 1317  671 1764 1544 1791  712 1494 1923   75 1947  212  380 2098 1626  170  133 1428  587 1447 1488 1120 1181  309 1145 1099 1435 1972 2208 2086 2117   28 1998 1814 1010 1465  299 1851 1412
 1262 1492  103  872 1766 1547  652 1959  287 1705  315 1384 1327  840 2390 1572 1128  254  166 2299 2300 1755 1240 1516  719 1286 1051   36  842 1487  754  810 1965 1454 1144 1992 1398 1052  144 1741   24 1781  379 1571 2081 1952  176 1579 1300
 1539  468 1310  162  896 1679  957 1285 2195  864  873  503  633  940 2337 1894  381 2377 1124 1133 2097  125 2103  686 2037 1891 2327 2270 1599  141  613 2066  377  316  110 1530 2395  550 1745 2389 2339 1112  336  460  521  697 1724  131  612
 1717 1586  960 1161 1813  545  741 1248  989 1042 1532  481 1564 1108 1982 1548  218    8 2088  943   91  268 1304  740 1916 1675  986 2343  201  486  769 1320 1154 2155  723 2231  742   57 1004 1994 1292 1783  656  419 1692 2262 1649 1728 1935