 2225 1596  993  275 1327 1947 2161  198 1174 2389 2009  304 2286   27  543 2019 1983 1561 1704 1108    6 1396 1076 1668 1373  344 1439 1168  623  892 1523 1826 2135  717  597  404 2294 1512 1457  378  240  287  450  644 1370 1949 1678  874 1890 2486
 1537 1924  707 1284  454 1344  851 2093 1301 2025 2288  678 1740 1145 1361   79  544  152  614  783  170 2219 1769  782  374  692 1659 2021 2133 1364  638  872 2438 1501  136 1587 1749 2084   33 2137  940 2043 1021  857 1081 2315 2111 1297 1460  138
 2082 2466 1281 1567  733  572  527 2392  168 2385 2234 1170 2215  594  433  388 1287 1954 1259  565  770 1280 1013 1789 1254  139  913 1147 1955 1961 1209  669 1243 2376  605  615  898 2499 1845   45 2022  649 1255  850 1286  309 1679 2340   44 1594
 1178 1753 1131 1825 1000  379 2396  966  392  393 1619  547  875  856 2431 1821 1492 2128  120   70 1482 1636 1580 1828   65 1601 2073   66 2061   75  318  494   96 1326  899 2454 1362 1896 2477 2242  968  750 1559 1525   58  193 1473 2257 1935 2404
 2297 1003   57 1916  263 1928 2346  931 1583 1009 2449 2026  483  427  914 2413  306 2343 1605 2284 1511 2408  677 2153   34  738  131  981 2348 1046  435 1317 2319  639  658  220 1613  439 1055  455  143 1840  608  901  218 1800 1808 2005 1376 2066
 1143 1032  762  403 2203 1888  796 2382  716 1359  336  683 1548 1697 1024  749 2310  665  675  268 1293  903 1609 1608 1562 2247 1915 2087  879   17  992 2160  337 2399 2039  484 2243 1407  302 2037  580  368  466 1078 1941 2114  165 1107 1982 1565
  739  611  577 2174 1008 1676 1393 1788  563 1682  212  250  562 1794 2266 1692 1138 1541 1593 1545 1237  133 2189 1025 2433  887 1295 1144 1313 1906 1142  536 1007  522  498 2414 1557  657  702 1584 2383 1338 2091  104 1431 1488  166 2155   35 2349
  142 1340 1798  326 1575  158 1114   72  703 2334 2326  583 1470 1056 1518 2142 1877  949 2335  540 2239  859 1591  499  622 1669  599  634  882 2198  758 1588 2391  984 1750 1981  202  930 1573 1687  409  571 2464   56 2390 1392 2456  141 1196 1456
 1270 1824  210 2246 2341 2044  664  655 1551  648 2065  846 1210 1129 1402 1272  813  507  696 2237  861   46  232 1681 2131 1503 1963 1306 2323 2103 1302  742 1127 1385 1395  985 1701 1706 2000 1661  654 1628  182 1093  530  269   94 1262 1151 1879
 1350  784  292  228 1153 1933 2070  477 1968 1073  988  746  721  345  144  380 2099  691  347 2314 1772 1951 1677 1071  609 1524  329 1427  916 1019 2280 1505 1519  495 1775 1962 1206 2207  835 1929 2371  267 1148  942   95 1517 2248 2439 1784 1603
 1566 1496  635  410  836 1435 1973  319 2440  122 2245 1452 2141 1820 2166   86  233  107  437 1177 1504  833 2261 2300 1277  769  844 2194 2086 1856 2487 1597  178  146 2124   89 2195 1233 1751  659 1315 2181  626 1684  779  998 1786  377  458  842
 1198  939 1867 1227 1139  878 1837 1477 2168   92 1165 2118 1944  752 2130 1041 1258 2285 2484  568 2077  806   87  616  518  312 1195  807  990 1219 1110  301  687 2474 1649  637 1622  313 1113 1070 2303 1183 1693 2441 2293 2164  213  215 1164  686
 1279  327 2217 1171 2367  798  685 1101  245  453 1540  727 2360 1555 1064  588  767 2479  281 2472 2309  479   42  405 2436 1476  125 2262 1919 1063  567 2473 2212 1325  714 1265  640  224 2420 1902 1039  201 2175 1428 1670 1904 1017    7 1299 1051
  627 1528 2085 2287 1940  941 1106 2417 1154  338  478 1095 1236 1002 1027 1592 1652  147 2176 1229  965 2459  451  980 2460  191 1305  242 1614 1497 2053  934 1964  629 2425 1552  175 1429 1782  251  534 1049 1533 1556   25  701 2170  860 1378 1304
 1390 2359 1335  647 1288 2249  391  515 1202 1246 1698 2060 1211 1752  480  509 1268 2134    1 1979  236 2375 1232 2328 1418 1150  331  880  406  970  535  915 1874 1043  185 2047 1035 1897 1239 2063 1006 1648 1921 2107 1098 1419 1570 1382  471   30
  203  457 1586  917   18 1333 2327  106 1354 2056  206 2339 2254  489  777 1425 1037 1960 1399  919 2330  502  569 1387 2380 1411 2467 1560 2011 1623 1990  408  296  205  348   59  938 1432 1309 1351 2324 2158  255 1988 1318 1117  630 2016 1799 1182
 1188  552 2028 1536 1815 1400   47 1448  386 2186 1755 1089 1695  893 2206  424 2476 2062  867    2 1558  740 1817 2183  676 1331 2405  853  297  841 2352  130 1957   21  663  982 1486   26 1495  911 1038 1738 2305 2407 1426  514 1282  668  285 2083
 1140 1878 2369 1493 2481  642  682  299 2259  359 1126 1403 1132 1224 2253 1863 1651 1450 2147 1159  109 1069  209  418  354 2197  192 2196  153  376  803 1443 1980 1767  788 1653  533 1600  371 1514 1120 1034  778 1913 1642 1615 1976 2032 1672    8
  197 2350 1766 1705 1105 2401 1298  587  513  734  978  768  894 1197  955 2272 1714 1710  298  969  238 2049 1812  355 1366  135 2034 1721  264  713 1539 1925   98 1942 1864 1544  461 2088  438 1137 2364 1748  625 2455  684 1610 1023 2129  818  935
   93 1483 1571  452 2325  491 1830 1868  933   60   91 2363 2210 2041 2177  821 1291 1846 1807 1931 1058 1330  956 1026 1716  674 1747 1458 2372 1097 1343  497  510  401 1321 2221 2500  763   82 1529   85  155 1158 1462  964 2105 1871  110   52 2278
  958  924 1899 1945 1998 2406 1213  340  519  791 1554 1436 1797  467 2331  428  204  575 1859  291 2140  650  367  991  399 2211 1546  589 1011 1810  400 1244  119 1323  190 1384 1839 1515 2432 1461 2358 2377 1240 1910 1357 2121 1535  134  869 1068
 2064 2322 2316    4   41 1374 2127 2394 1900  994 2017 1260  548 1044   24 1088  975  270 1092  586 2463 1543 1289 1564  417 2428 1459 2384 1062 1927 1838 2122 1943  873 2138  504  140 1818  961 2451  350  328  936  411  545  521  260  506 1882 1022
 1530 2213  551  259 1121 1405  790 1905  925 1660 2321 1647  310  352 2429  787  755 1225 1887 2437 2115 1718 1578 1125 2251 2055  230  167  469  184  681  501 2059 1806  761 1226 1531  967 1052 1391    3 1720 1498  422  709 1189  954 1731 2159 1764
 2179  315 1908 2424 2023 1047 1230  802  128  987  943  490  890 1746 1656 1778 1363 1157 2136 1015  570  325 1320 1474  793  555  732  662 1827 1723 2156  729 1765 1703   39  440 1420 2052 1222  929  241  442 1334 1638 1234 2035 1440 1612 1790 2106
 1948  317  652 2012  300  375 1953  765 1332 1762  613 2007 1371 1585 2423 2096 1967  785  823 2013 1075 1379 1303  578  414  862  822  863 2208 2069 2078 1728 2312  876 1857  286  293 1308  886 1989   77 1508  751 1568 1386  895 2097 1534  247  177
  523 2235 1241 1936  947  486 1276 2200 1903  113  979 2146 1917  436 2002 2050 2001  819  187 1160 1777  619  743 1663  341 2279  402  346   10 1060  180  574 2448 2373  112  932 2222 1532 2263 1729 1421 2443 1617  320   23  598 1950 1029 2317  645
  772 1722  223  295   80  121 1207 2374  394 1662 1606 1079   99 1269  854  430 1185  124  977 1876  832 2068 2270 1901  855   12 1257 1970 2227  827 1067  632 2109  554 1819 2110 2241 1726 2046 2223 1581  421 2482  920 2470   78 1292 1992 1712  482
 2353 1804 1016 1855 1054 2457   20  718  549 2378  999  334  817 1274   90  305 2113   28 1169  127 1329  199 1589 1394  284 1582 2123  646  921 2393 1836 2024  909 2092 1416 1252 2356 1217 1986   61 1708 1932 1128 2079 1104 1203  736  500 1759 1307
 1886  156 1793  971 1735  799  579 1780 1205 2478  760 2101   13 1218 1898 1616 1574 2232  897 2231 1099  280  196   54  820 1667  249 2301   29 1300 1823  426  384  643 1342 1409 2306 1754  922 2054 1635  425 2492 1442 1264  419  573 1702 1275 2318
  973 1401  582  429  117  719  953 2444   62 1365 1688 1768 1005  161  550  289  741  294 1760 1995  487 1358 2269 1480 2132 1873 1627 2067  308 1175 1969  700 2365  159 2165 1637 2102 1322  604   88 2036  601 1242  671 2185 1866 1212 1445 2489 1595
  413 1833  423 2230  227 1809  512   32  265  449  279 1091 2244 2209   49   51 1930 2370  871 1926  759 1053 2154 2386 2446 2171  307  407 2368   19 1192 1991  884  219 1030 2361  465 2480 1526  353  912  496 1743 1852 1634 2445 1792 1296 2337  234
 1987   48  253 1774 2184  907  330 2387  171  670  972 1725 2236 2493 1048   14 1491 1190 1860  698  566  775 1796  381  593 1380 1646 1621  730 1542 1369 2258  102 2029 1152 1730  366 1478  708 1149 2180  731 1444 2311 2283  231 2220  472  910 1934
 1341 2302 1732 1689  651  866 2075 1849  781 1294 1527 1490 1959 2098 2051 1869  908  795 2040 1349 1238 2151  432  431 1447  256 1050 1316  711 1861  273  181  276 1356  896  621  226 1187  927 1112 1031 1802  324  959 1102 2139 2344 1999 1611  600
  520  603 2152  235 1853  314  179  172 2275 1803 1509 1895 1087 1914  618  811 1639  323 1892 1413 1010 1200 2307  211 1657 1004 1389 1884  553 1061 2193 1375  688 1339 1481 1805 2148 2347 1077  595 1507 1675  151 1911 2400  744 1116  828  559 1103
  558 1553 2149  447  905 2204 2281 1872 1854 2282  771  585  261 1757 1489 2336   43  840 1993 1146 1057 2119   31 2496  726 2488   74 1680 2450 1141  848 2447 1066 2006 1124  715 1355  351 1018  416 1472   63  274  962 1922 1118 1115 1468  976  221
 1643  847 2201 1398 1251 2229  997 1844 1042 1966 1690 1072 2192 1870  667 2173 1937 1694 1012 1353  288  529 1599  441 2434 1248 2276  957 1620 1250  225 1166 1001 1563 2381  463 1406 1346  528  118  148  680  809  398  581  357 1977  561 2495  602
 1985  389  174 1763 1134 2178  361  164  944 1136 1249 2027 1446 2125  952  332  516 2216 2422  322 2071  473 1875 1577 1285 1271 2172 2442  262  362 1397 2333   84 1221  369 1404  843  764 1084  481   64 2030 2074  780 1360 1231 1907 2162 1736 1576
 1781 1109 2145 2167  383  722  266  214 2485  541 1312 1847  951   50 1640 1256 2116  101 1123 1263 2342  591  612 2468 1724  488 2188 1469   36 1424   81 1193 1851 2298 2426  387  385 1135 2042 1328 1367 1510 1909 1975 1194  656  865  737  420 1952
 1122 1214  592 2357  194 1096 1319 2081 1388  316  636  460  412  950 1776 1843 1348  208 2277 1893  754 2187  448 1696  960 1734 2117  792 1352 1199  735  620 1372 2038 2289 1733  900 1184  537  311 2157 2398 1742 2402  162 1267 1434  445 1832  246
 1939 1811  272  137 1691 1858 1156 1033 2320 1191 2264 1572  364 1163  149  360  239 1912  606 1881   97  697 1625 1311 2295  753 1783 1059 2238 1958  123   69  617 2362 1345 1602  576 2354 1381 1644 1423 2291 1719 1036  257  525 2494  633 1516  824
  390  244 1463 2332 2080 2250 2104 1090 2003  826   55 1713  986  459 1414 1700  290 1822  693 1014  923 2397 1086  277  339 2338  538  995  321 1464 1741 1045   15 2048 1965 1650 2256 1770 1683 1727  825 1717  816  372 1547 1485  774 1466 2008    9
 2265 1569 1433 2182  129  653 2469 1521 2418  564  252  333  446 1862 1655 1641   38 2090 1040  511 2120  382 2313 2461 2475  132   37  858  705 1994 2191  666 1499 2260  679  641  868  983 1502 1848 1761  814 2214  557  757  906  794 1829  812  396
  928  831 1984  474 1454 1449 1630 1938 1437 1785 1604 1745   22 2218  126 2471 1247 1082 1377 1186 2491 2366 2143    5  889 1500  885   11  493  963 1314 1758  229 1167 1100 2190  485  462  745 1471 2076 1920 1479  163  728 2308 1133  808  111 2144
  365  169  883 1155  356 1283 1245  154 2490 1083 1020 1813  335 2421   53  160  456 1412   71 1383 2163 2465 1453  815  989 1631 1549 1422 2252  397 1673 2427  271 1835 1618 1978 2435  503 1522  508 1520  800 2483 2410 2290 1173  105 1290 1475  766
 2462 1111  704  207 2010  434 1215 2031 1266 1629  222 1946  904  695 2199 1487 1494  443 1996  891 2202  283 2226 1779  610  176 2415 1773 2409  673 1451 1220 1842  849  150  864  470  517  114 2224 1880 2388 1550  631 2498  945  282 1666  624  468
  444 1273 2379 2089 2057 1065 1579   40 1894 1626 2273  217 2228 2233 1441 1972 1737  343  195 1841  837 2419  200  505 1368 1814  464  173  870 2268  918 2452 2033  694 1834 2267 1438  157  747 2018 1971  358   73  773 1176  877  712  145  532 1506
  596 1658  888 1336 2416  186 1632 1711 1889 1756 1080  706 2412  607 1074 1891 1415  881 1085  258 1885  531  838  560 1513 2014 1795 2395 2072 1310  748  946 1162  776 2411  342  725 1208 2094  805 1455  370 1633  590 2205  542  996 1408  254 1465
 1223 1484  115 1923 1204 2015  539 1347  524 1172  672  492 1181 1228 2345 1791 2045 2169 1467 1865  661  839 1654  689  720 1674  834  789 1699 2058 1235 1607  845  100 1883 2274  852  188 2240  243 1161 2296  476 1094 1715 1686  584  804  724 2100
  278  556 1179   16 1850 1278  699 2403 1744 2355 1324 1028  786 2453   68 2108  902 2304 2458 1685  248 1918  189 1598 2271  108 1974  546  937  303 1417 1430 1410 1590  116  237  756  475 1707 2126 1739 2430  216 1216  801 1801  349 2299 1180 1664
 2255  810 1956  395 1709  103 2095  829 1645  948  526 1253 1119  373  183 1816  660 2150  415  797 1201 1538 1771 2112 2020 1831 1624 1787  830  974 1997 2329 2497   76 2004  926  710   83  690 1130  628  723  363 1261 1337 1671   67 2351 1665 2292