 1289   94 2190 1530  319 2343 2594 1625  172   74 1476 1924  147 1776 2132  627  790 2234 1202 2589 2544  272 2315 2546  429   36 1726 2157 1135  405  453 1378  201 1985 1085   48  143 2198 1083 2459 1032  130 2552 1089 2065 1837  380  548 1721  955 2317
  504  786  874 1197  372  915  260  471 1641 2435 2545 1185 2579 1483  717 1997  868 1720  557  695  193 1716 1629 2114 1243 1362 1053 1989  758 2440  328 1978 2248 1847   82 2136  521  775  993  551 1988    9 2565 1902  867  109 1704 1545 2601 1215 2089
 1642  312  850 1130 2218 2569  124 1372  910 1888  740 2056  760  630 1056 2338  149 1950  330 2197 2063 1819  442 1006 1264  824 1232 1765 1067 1759 1811 1351 1015  463 2000 1780  258 2307 1020 1965 2535  776 2245 1341  833  267  840 1650 1692  817  923
 2055 1880 1832  771 1066 1380 1405 1649  307 1617 1093 2465  185  362 1255 1789 1284  233 1328 1561 1432 2233 1523 1572 2150 2531  961  300  308 1451  473  529  253 2532 1235  404  484  895 1777 2560  944 1944 1076 2485 2223  167  135 1730 2057 2139  331
 1830 1560 2504  559 2049  890 2436 2079  593 2430 1387 1556 1961  979  309  561  737 1285  727 2291  351  696  750  123 1748 2367  773   63  725  378 2117 2305  153 2463 1595 2166 1142  982 1948  284 1980  738 1194 1429 1778   11 1717 1034  297 2007 2314
 1210  633 1133  503 1927  291 1168 1621 2003 1183  117 1579 2286 1680 1798 1188 2214  785 2353  788  949 2567  681  887 2230 1325 1144 2133 1729 1266 1866 2377 1012 1339 2227 2095 1524  388  827 2386  276  828  447  565  459 1263 1582 1163  626  288 1442
 1686 1138  620  112 1687  889 2366 2195  739   39 1371 1841  933 1096  814  778 1823  409 1517 2406 1979 1919  631   21 2522 1656 1877 2002 2011 1373  655  313 2541  974  885  329  243 2268 1200 1240 1430 2494 2542 2109 1699  394  538 1269 1221  286 1271
  264 2554   19 1388 1244 1324 2530  377 1756  269 2186 2527  997  195 2161  661 1312  689 1903  888  407 1633 1213  462 1604 2229 2124 2130   28 1565 2088 2421 2080 1731   57  576  907  741  450  259  634 2548 2122  244 2262  530 1626 1397 1011 2335 1693
 1436 1254 1800  648 2576 2211  515 2257 2039  843 1872   47 1757  963  700  266  894  470   66 1279 1688 2303 1520  387 1485 1810 2126 1167 1953 1639 1062 1599  396 1075   23 1812  364   25 2288 2283   27 2356 1632 1480 1057 2491 2092  505 1369 1407 1037
  345  339 1882 2390 1790  430 1479 2352 1591 1038 1201  469 2528 1348  449  457  311 2564 2029  275 1623 1302 2183 2599 1125  420 1367 1949 1892  736 2518 2115 1855 1109 2084  446  671  170  368  174  389 2203 2067 1802  383 1534 1867 1120 2086  282  645
 1874 1521  247 1421 1528 1762 2551 2487 2488   18 2514  115  502 1156 1230 2496  324 2481  755  467 1209  574 1225 2328  904 1147 2151 1986 1118 1100 1025  456 1749  116   42 1870 2091 1175 1758  810 2264  710  971 1376  491  554 2096 2267 1769 1009   73
  250  466 1668  230 1078 2071 2284 2134 1893   79  862  614 2526  508 1463  707 2296 1489 2454 1964  871 1889 1804 1972 1017  709 1059 1540 2104  225 1840  947  110  285  765 1562 2512 1335  914 1911  625  524 1422 1323  925  481 1598 2106  158 2539 2243
 1046 2247 1955 1516 2424 2116 2024  676 1251 2113 2308 1228  155 2206 1204 1095  257 1886  825 2272 1734 2361 1956  599  423 2312 2350 1651 1229  299 1366  306 1250 2302 1939  525   26  544 1578   22 1563 1484 1070  134  901 2395  514  245  227 1577  665
  495  832 1444 2110   88  290 1420 2461  435 1531 2457 1685  436  639 2467 1506 1306 1857  917 1620 1108 1042 2474 2191   67  674  200  552  224  668 1900 1574 1090 1218  980 2254  836  875 1320   92 2251 1815  590 2543 1740 2585  711 1049 1797 2300 1635
 2215 1408 2371  584  837 2135 2409  958 1558  685 1929  198  635 1000 1702  103 2202  547 1195 1495 1960  208 1869  434 2596 2372  647  152  912 1180 1260 1491 1406 2282 2038 1791  761 1171 2168 1206 2477 1553  522   31  197 1239 1773  142 1287 1551 1509
 1276 2101   24  959 2586 1493 2184  317 2240  716 1856 2493  610  734   95 2012  295 1500  713  278 1703 1941 2540 1792  598 2022  819  623  506 1173  301 2549 1399 2510 2085 2152  139  693  672 1653  698  333 2058 1596 1666 1511  215 1603 2081   83 2155
 1788   33 1921 1974  523  353  752  860  662 1245  186  262 2413 1636 2416  870 1755  848  373 2414  797 1103  118  120  822  932 2094 1543 1519 1996 1441 1637 1910 2274 1256  325 2093 1743 2179 2180 1612  509 1169   53 1794  976 1967 2460 1808 2294  343
 1697  535 2323 2320  401 2464 1308  494  400 2571 1786 2486 1559 2345 1424 1187  596  156 2577  946  807  877  985 2509  485  556  376  931 2480  898   40 2598  969 1896 1803  684  764 1659 2059 1580  273 2250  715 1472 2224 1352  939  287  416 1622  270
 2261 1465  611 1525 2210 1510 1074  714 1662 1149 1654  990 1400 2174 1821 1588 2042 1267  769 1863  334  337 1613  207  621 2394  184 1370  856  784 1890 1036  657 1909 2558   93  834 2555 1178  476 1455  239  930  350  474 2301 1618 1833  588 2466 2462
  122 1733 1304  872 2249 2441 1283 1055 1816 1594 2357  597  191  636 2351 2293 1307 2075 1002 2219   15  641 2023 2006  683  221  163 1152 1681 1458 2325  369   64 2505 2452 1238 1241 1278 2072  813  213 1082  357  202  546 2099 1007 2358 2426   96 2068
 1217  722 1784  798  223  464  327 1547 1398 2393  144 1452 2529  323  129 2347 2030 2340 2216 1793 1657  102 1814  879 1970 1092  656 1022 1193  780  426  728  977   51 2275  498 1728 2368 2209 2525 1799 1129  820 1101 2153 1003  518 2420  399 1482 2401
 2189 2524  970  107 1047  942 2052  105 1709  228  903 2469 1132 2402 1738  365 1968  500  220 2169 2199 1466 1404 1691  753 1541 1313 2581 1159 1390 1983 1236  745   78  905 1315  746 2572 1161  646  935   45 1908 1938  199 2445  566 1571 1518  831 1772
 1080 1779 2041 2050 1164 2167 2025 1265   52  545 1935    4  673 1331 2379 2415 1282 1764 1172 2280 1440  242  624  496 2112  217 2004 1505 1843  838 1583   46 1667   85 2515 1246 1151 1750 1330  568  853  294  697 1355 2278 1258 2439  826  303 2235 1148
 1477  448 1469 2226 1536  175 1698   49 2047 1041  281  465 2299 1783 1389 2014 2017 1291 1023 1381 1963 2035 1851  431 2263 2143  882  703 1723 1454 2005   61  461 2313 1068 1760  983 2241  640  883   89  724 1887 2037  181 2172 2473  417  899  972  528
  489  774 1253  232   14  866  653 1364  718 1107  340  549 1569 2239  497 1966 2069 1354 2557  815  532 1281 2297 1679 2591  460 1801 2123  992 2450  632 2140  989  439 1105 2260  346 1394 1820 2334  781 2129 2344 1126 1414 1176 1885 1439  305 2446  216
 1487 2597 2246  316 1934  572 1581  712 1150 1546  433   41 2148 2175 1848  991 2482  986   98 2196  637  604   12 1338  795 1490  542 2242 1878  173 2225 1297 1836 1231 1735 2074  818  268 2013 1714 2517  315 1898 1220 2266 1951  326  759    5 1741  892
  575  499 1214 2495 1745  205 1711 1600  248  421  537 2483  455 2066 2380 1136  988 2437 1344 1658    3 1145  948 1971  929 1638 2434 2119 1459 1727 1343  241 2131  768 1081 1319 1497 2205  928 1640 1611 1742 1035  730  670 1707  666 1361 1554  851  701
 1224   29 2060  987  256 1123  679 1309 1115  393 1379 2376  581 1199   60 1242  751  550 1001  196 1557 2158  182 2513 1744 2341  704  937  842 1646 2192  652 2412 1722  777 2255 1474 2423 2064 2015 1248   55 2026  534 1360 1946  189 1906 1952 1605 2410
  881 2590 1933 2236  729  162  391  558  513 2593 2578  148 1609 2200 1624 2253  543  585  891 1835  601 2289 1447 2475  482 1644 1106  235   43 1834 1471  805 1434  678 1205 1831 2490  865 1809  157   90 2470  445  952 2090 1550 1296  616 1630 2021 1438
  830 1592  415   84 2220 2355 2559 2442 1468  296  138 1478 2373 1959 1327 2516 2276  190 1943 1428 1503  945  809 1356  953  978 1568  437 2584  823  793  699  386  255  821  731 1977  411  335 1403  767  589 1655 1548 2207 2427 2010  492 2008 1826 1166
 1416  563 1322  358 1607 2208 1026  663 1992  424 1542 2252  622 1747  249 2228  829 2392 1280 1648  419 1005 2349  237 2362  402 1272 2111 1286 1868  408 2033  121  520 2418  483 1817 2333 1922  677 2128 2330 1084 1587  159  432 1914 1987  638 1504  177
  951  735 1237 1104  289  203  414 1501  562  941  654  966  219  277 2378 1316 1140  916 2399  571 2375 1435 1212 1513 2451  816 1732  835 2348 2102  934  194  271 2100  770 2396 2536  344 1627 1751  472 2147 2404 2020 2336 2221 1881 1261  567  354 2173
  690 2159  412 2212 2374  726 1262 2383 2600 2507 1401 1586  873 1411 1292  964 1676  577  161 1449 1766 1768  962 2144  342  154  560  204 1990 1058  320 1522 2433 1385   86 1818 2479  999 1252 1234 1098 1746  274 1375  756 1353  501 1923  658 1652 1824
 1998 2127 1673  869 1859 1117  918  608 1661  265 2070  488 1614  553 1715 1134 1247 2407 1069 1274 2281 2583  669 1162   91 2498  363 1461 1190 1410 2062  347  719 1736   35  444 1862  749  994 1496 1363  863  605 1993 2588  691 1899 1467 1954  427 1683
 1051 2432  893  723  183 2222  171   20 2319  702 1931 1417  943 2332  310  332 1969 1499 1917 1448 1774 1492  579 1060 1233 2570 2519  803  583 1124 2009  965 1806   59 2287 1048 2118  692  573 2244 2290 2311   76 1186 1165 2534  799 1374  957  100 1207
 1457 1912  443 1310 1825   62 2425 1393  808 2277  206 1589 2428 1891 1139  314  956  397 1533  336  126    7 2083 2103 1700 1317 2405  924 2331 2285  806 2318 2562 2321  406  687 1016   65 1710 2193 2310  510  475 1754 1838  477 1739 2422  527  179   54
  742  371 2449 1883 1303 2265  783 1678 1345 2369   71 2468 1079 1346  438   68 1999 1383 1122  176 1157  478  900 1128 1031 1179 1182  909  733 1669 1033 2382 1196 1796 1008 2458 1181  458 2398  214 2237 1916  811  160 2298  479 2142 2476 1884  845 1275
 1426 1137 2271  517  855  720  304 1725  779  968  602 2270  454  382 1858 2582 1675 1682 1377 2018  141 1597 1191 2256 2258   56  802 1549  374 2165  960 1087 2397  804  664  864 1981 1203  261 1088 1907 1712 1827 2342 1050 1529  231 1846  996 1192 2419
  136  606    2 1365 1694  732  618 1920 1030 2213 1211  381  507  338  667   38 2273 1384 2016 1065 2164 1427  794 1514 2537 1973 1861 2201  101 2337  480  452 1567  519 2499 1021 1926 1359 2455 1257  847 2120 2138  766 1153  938 2162  675 2523 2028  361
  226 1395 2141 2575 2001 1781 2501 1771 2231 1854 2306 2194 1314 1737 1957  490  578   87  451 1086 1300 1013  113  366  111  355 2547 1077 2238   99  592 1895 2149   13 1763 1189 1753 1334 2363  349 1116  564 2040 2360  493  896  166  468 1431 2538  984
 1904 1761  629 1460 1905  878 1170 1634 1689 1184   50 1223 1028 1849  209 1537 1396 2137 1043  555  145  356 1570  936 1054  536 1631 1664 1925 1146 2429 2073 2316   80 2595   37 1131 2417  188 1671  660 2556 2346 1294 1392 1615 1850  642 1564  164 1127
 2304 1412  392 1663  218 2279    6 1342  886 1318 2385 1706 1177 2508  541 1437 1875  168 2438 1423 1044 1647 1752  292 1402 1350 2292  763 1158  298    1 1446 1453 1063 1019 2036 1391  995 1027  649 1004 2408 1690 1288  375 1842 1552 1462 1110 1073 1991
  180 2520  133  857  617  569 1593 2204   16 2269  595 1219 1299  511 1160 2187  151  128 1311  705  651  628  251  512 1573 2045 2146  600 1102 2472 2550 1782   69 2051 1270 1409 2411  757   10 2031 2492 1643 1852 1942 1094 1795 2145 1502 1947 1982 1413
  169 1045  413 1708  119  108 2043 2384 1464 1928 2125 1433 1386  410   72 2178 2359 2364 1249  318 2154 1695 1897 2511 1876 1535 1039 1024 2046  998  486 2563 1216  533  531  539 2503 1918  586  706 2171  114 1113 1538  884 2077 1606 1222  643  772  580
 2574 1174  743 1936  283  800  385  615  849 2456 1932 1333 1995 1321 2553  150  954  594 1290   44 1336 1119 1358 1029  612 2044  384 1677 2478 1498  146 2391 2431 1853  787  906 1701 1155  104 2076 1945 1481  839  425 2400 1665  922 2443 2182  852  131
 2027 2471 1111  487 1539 1718 1807  238 2453 2217  178 1418  359 1555 2533 1845 2061 1508 2232  747 1645 1419  367 2034 1018  913 1575 1628  682 1674  587  582  137 2484  106 1273 1445 2156  973   75  721 1805 1724 1470 1064  694 1937  686 1775  846  352
 2561   17 2497 1865 1112 2053  212 1298 1443 1121  902  789 1940  302 1332 1052 1566 2447 2580  132 2097 2502  796  252 2339  603  403  950   30 2295 1994  876  293 1864 1608 1456 2259 1349 2185  570  222  812  229  591 1585 1684 1040 1787 1494 2107  858
 1099 1515  762 2309 1719 1010  441 1829 1347 1337  919 1301 2592 1357   81 1425  246 1770  236 1660 2105 1527 1879 1601  619  165 1198 1293 1785  140  981 1072 2176 2370 1507   34 2326  927  644 1532 1475  920  360 2568 1860  650  967  440 2108 1813 2354
 2121 1259 1305 2448  792 1590  263 1584  348 1512 2322  540 1154  607 1268 1958 1071  897  240 1488 2098 1486 1415  680  921 2032  428 1329  975 1610 2160  418 2054 1873 2365 2389  801 1014  254 2082  940  322  127 1544 1326  234 2170  708 2444 1208 2177
 2019  908 1705 2521 2087 1913 1975  398 2573 1114  422  125 1277 2324 2048  211  321 2381 2506  859 2188  854 1619  844 2181  526 1696  688 1061  280 2329 1143 1767   97 1670 2388  341 2403   77 1340 2500 1976 1368  187  379  744  659  516  390 1227 1226
 2566 2387  861  911 1930 2489  192   58 1382 1295 1962 1871 2163  370 1616 1141  841  791 1844 1091 1526  613 1713 1473   32 1839  880 1602 1984 1915 1672 1576 1822  395  279 1901  609 1450 2587 2327 1097 2078    8 1894  754   70  782  926  748  210 1828