 2101 1224  484 1906  460 1848 2598 2609 1627 2460  280 2243  331 1258 1389 2577  549  373 2379  783 1307  827 1250 2506  201  580 1156  392 1386 1094 2650 2062 1854  830 1218 1428 1565  537  152  278 2217 1976 2608  571 1498  851 2435  698  885 2157 1040  642
 2212 2592 1999  620 2469 2541 2426 1335 1576  701 1341  135 1184  143  216 1805  214   52 2066 2456 1172  970 2542 1254   87 2121  238 1403 2482  623  835  524 2416  922  101  181 2292 2704  607 2222  563 1822 2313 2179 1331  129 2242 1483 1711  332  920 1526
 1245  344  343 1177 2555 2637  800 2150  314 1623 2657  247 2345 2075  947  969  820  900 1803  456 1286  309 1471 1757  324 1358 1811 1989 1308 1167 1427 1709  944 1661 1289 1293 2030 1542 1880  950  445 1911  179 1827 1933 1726 1188 1619  935 2635 1221  799
 1488 1406 1432 1357 1892 1162 2007 1593 1264   36  466 1962 2582 1690 2497 1573 2526   14  231   70 1230  737 2643 1238  208 1556 2523 2473  232 2052 2215 1028 2427 2286 1919 1521  383 2507 1977  215  709 1460 1204  362  782  581 2693  812 2257  244  561   47
 2225  993  576 2576 1673  119 1583 2438  810 1993 1171  848  857  298 1701  302  308 1741 1972 1269  803 1376  506 2162 1721 1998 2666 2140  514  807  916  630 1825   28 1290 2076  832  850 1960 1670  884  192 1586 2560 1009 1514  510 2122 1552 2475 1501 2202
  281 2159  945 2604 1189 1054  378  716  464 2566 1163 2654 2119   25 1317 2556   50 2601  658   59 1404 2404 1676 1116 1458  640 1506 2440 1814 1416  184 2258  656 1202 2583 1944  442  702  328  519 2375 1816  959 1199  449 1000 2080 1344 2590  312 2339 1617
 2529  890  526  644 1802  965  187  387 1448 1876 1096 1790  801  713  213 1429 2575  704 1931 2085 1696   18 1930 2308  770  981  167 1074  624  941 1120 2619  340 1275  165 2058 2412 1945 2151  707 1402 2120 2241 1273 2631 1975 1235 2605 1664  940 2163  189
  226 1778 1046 1369 1603 2627 1657 2513 1932 1959 2199 2702 2195 1590 1510  899 1612 2645  497  342 1751 1813  743 2105 1112 1490 2467  532  311  160 1200 2160  433  565 1104 1414  765  237 2005 1316 1294  886 2588  230  125  529 1784 1527  691  554 2572  966
  239 1050  715 1051  277 1260 1718 2069 1083 1793 1834 2100  866 2441 2677   35  892  317  661 2453 1312 1462 1085 2486 2245 1744 1319  467 2498 2533 1121 1872 2201 1027  227  539 1862 2155  209 1242  651 1299 1851  168 1383 2629 2659  436  120 1042 1280 1675
 1135 1143 1463 1092 2111  300  493 1861 1464 2063  808 2170  991  253 2034 1594 2021 1535 2484 2322 1196 1925  910 1622  261 2682 1198  636 2233 1214 2277 1572 2213 1469  891    7 2161  285 2275  495 1756  714  109  971 1546 1379  416 2031 1153 1412 1874  110
 1574  185 2369 2581 1633  731 1907  751 1090   23 1398  904  675  575 2176  760 1667 2599 2368 1613  193   60 1772 1531 2371  295  459  248 1634 2564 1192 1750 1396 2045 1504 2133  586  117 2594 1352  773   43 2260 2692  650  254 2205 2443 2624   75 1487 1449
 2448 2148 2074 2511  161  646  692 2584 2517 1727  322  136 1592 2559 2628 1306 1233 1435 1144 2043   40 2606 2516  647 1036 1587 1774  233 1924 2152  276  427 2281  602  902 2534  319 2597  705  346 2312 1828  496  450  358  259  868 2235  404 1066  356 2288
 2365 2104 2459 1053  286 2016 1473 1093 1799 1569  616  422 2268 1073 1882 1853 1103 2060 1758 2326 2423 1955  316 1513  465 1823 2019 2039  434 1555   84 2531  374  289 2287   41 2196 2462   62 2305  224  115 2428 1796  412  762  845  678 1637 2382    3  297
  960 1240 1354 1190  540 2622  182 1075 1773  409 1530 1921 2011  260 1654  927 1502  840 1731 2494 1735 1991 2366  197 1301 1291 2246 2514 2273 1373 1475 1340  398  132 2165 1649   38  999 1935 1691 2263 1212  952   73 2291 1671 1916    6 2230  501  937  954
 2499 1849 2167  577 2253 1987 1059  772  693 1951 2171  263  732 1511 2229  448 1426  659 1350 1361  856  400 2614   78 1971 2271  218 1020  225 1666 1099 1333  525  653 1136 1626 1789  377  985 1679 1337 1173 1641 1106 1957 1547 1174 2403 2117 2061 2406  930
  806  111 1966 2633 2501 1821 1263 1139  569 2648  283 1618  102 1736  876 1682 2392 2355  296  354 1023 1543  364  738 2466  617 1131 1459 2106 1765 2457 1688 1012  925 1336  926  907 1553 1002 2686 1110  223 2238  371 1844  382 2352 1910 2132 1597  138 1178
 2554 1742 2646  643  660 2018 2020  379 1466 2445  798 1234 2059 1303  534   19 1155 2332  968 1421 2471 2685 1737  994 2154 1486  781  446 2053 2617 2255  613  421  674  958 1785 1662 1610  517  838 1019 1917  293 1026  394 1071 1560  792  417  558 1509 2621
  867 2310 1183 1048 2297  858   34 2373  204  351 1937 1705  148 2503  552 2123 1517 1055 1732 1380  677 1283 1845 1058 2158  441 1133 2679 1045 1974   69  470 2377 2046 1215 1436 2303 2223 1061   57 1395 2674 1418 1124  625  396  729 1683 1754 1929  906 1970
 2108 1081 1342 2333 2056   30  509  901 1867 2340  836 1903 1519 1940 1482  321 2585 1060  727 2042  942  357  236 2442  699 2450 1582 1769 1606  587  622  399  618 2380 2389  419 2190  749 1348 1549 1979 1580 1492 2668 2139  592 2064  266  477  134   71 2553
  282 1405 1695 2244  245 1310 2586  894  121 1883  905 1440 1715  513 2219 2318 2022  676  877  795 2239 1472  533 1182 1439 2232  326 2306 2689 2214  777 1923 2580 2607 1455 1760  998 1251   55 1098  483 1982  995 2672 1137 1508  410 2413  210  809   65  365
  662 1512  805   42  240   15 2703 1314 2701 1958 1969  194 2571 1725 1015  381 2452  166 1168 1325 2620   82 1863 1686 2684 1476 2367 2378 1912 1064  503  869   12  949 2252 1642 1211  611 2528 1568 1176  889  498 1539 1284 1481  604 1468 1723  871 2573 1029
  200  444 1608 2266  555 1767 2491   24 2054  380 1017 1181 2107 1382 1151 2081  595 2323  538 2153    8 1856 2424 1127 2284 2097  550  614  479 1267 1417  154  638 2211  349 2549 2141 1884  893 1381  758 2024 1194  486 1320 2544  428   32 2695 1364 2670 2175
 1347 1374 2630  133 1656  826 1747 1528 2194  974  144  241 2338  536 1877  929 1008 1141 2231 1419 2137  573  680 1798  163   58 1477   76  188 1596 2603 1648 2001 2349  598 1457 1070  150 1850 2696 1600 2147  839 2203  368 2013 1599 1226 1252 2248 1024 2370
 2256 2387  545 1564  964 2002 2320 2267  619  408 1541 2351 2359 1201 2169 1209  287 1840 2182 1584  527  180 1043  440 2065  336 2543 1044 2374  822  726  757 1941  816 1453 1559 2180  918 1496 1697    4  881 2092 1270  468  252 2512 2364 1356  570  122 1467
 1247  583 1893 2096 1532  546 1890  819  228 2546  814 1087  284 2298 1743 1193 2156 2487 2613 1208  347  430 2681 1647 2361 1097  870  162 1413  438 1534 2350  327 1713 2356 1305 2358 2558 2636 2401    1 1210  329  793 1410   99  804  299 1278 2539 1300   21
 2678 2680 2353  936 1010 1722 1259  976 1175   86 1611  551 2301 2478 2545 1702 1869 2200 2185 2476 2311 1219  142  190  815  843  759  341  219 1857 1041  221 2003  730 2449 2574  439 1898  600 2610 2688 1689 1411  426  159 1943  955   44 1232   74  158 1497
 2665 1018 1636 1801 1288 2134  655 1287 2488  320 2505 2398  768    9  106 1558  489   97 1550 2551  372 1775 1239  366 2050 1896 2044  274  507  720 1025 1700 2673 1806  750  520 2168 1819  672   92 1529 1191  911 2321 2209 1815  500 1745 1334 1891  668 2425
 1783 2655 1022 1056 1981 1585  505 2683  363 2474  943 1229  957  402 1665 1638  175  977 1268  541  745 1443 2309 1285 2500  978 2103 2181  990 1187 1304  863 1780 1166   64 1680  491 2040 2640  895 2510 1021 1787  385   77 2035 1355 1734  367 2224 1986  303
  107 1505  744 1272 1934 1703  560  131  682 2079  339 2328  742 1644 2691 1523  424 1006 2269 1072 1161  687  685   72  268 1451  632 2667 2270 1330 2656 1994  355  723 2489 2113  211 2038 1886  897  590 1578 2414 2067 2033  667 1847  454 1640 1430 2282 1988
 1384 1651  594  673  761 1927 1809 1203  909  633 1900 1950 2454 1630  250 1659  878 1522 1282 2307  741 2664 1738 1393 2557   20  769  156 2276 1360  437 2226 1456 1983 2433 1653 2525 2091  979  679 1370  388  844 2429 1685  530  413 1598  270  928 1908  455
  846  335  124 1274 2535  476  568  141 1901 1422  823 2082  833 2210 1327 1949 1262 1985 1397 1729 2025 1480  504 2112 1297 1089 1706 1257  334  401 1684  262 2496 1489 1631   56 1415 1332 1390 2346 2391  775 1491 1388 1109 2561 1746 1842 2032  198 1454 1818
  566 1030 1365 1392 1222  776   45   68 1114  989 1920  596 2347 2418  301 1561 2596 1047 1609  195 2208 1441 2697 1545 1493   85 2143 2458 2070  873   17  512 2324 2408 1954 2493 2363 2641  802  887 2699  415 1227 2439  325 1394  391  164 2114 1766  269  556
 1343   63 2102  697 1646  794 2472 2357   51 2430 2027 1557  249 2336  780 2090  567  635  547  174  572 2197   79 1866 1551 1100 1817 2118 1625 2055 2550 1763 2124 1795  548 2015  649 1079 1086 2477  246  457 1313  648 2300 1629  492 1602 2094  585  888 2093
  345 2227  170 1699 2073 1346  564 1589 2130  137 2602 2251  118 1479  641 2694  452  229  139 1255 1147 1084  882 2690 2437 1345 1918  183 1791 2259 2405 1125  172 2004  390 2461 1037  313 1605 1140 1122 2612 2028  975  593 1160 1855 1846  605 2465  348 2193
 1302  956 1870 2552 1353 1533 1904 1832  984  953  386 1123 2198  169    2 1154 1698 1431 2669  294  523 1132 1716  763 2014  453 1231 1315 1712 2407 2331 1295 1351 2280 1717 1248 2000  872 2468  528  719  531 1595 2135 2587  323  708 1470 1371  917  458 1797
 2402 1658  627 1961 1101  652   94 2396 1500 1524  487 2293  756   27 1076 1836 1739 2410  694  621 2188 2658  789 2335  376  933 1149 2178  584 1544 1873 1339  199 2047 2481 1005 2451  736  305 1864  258  626  821 2138  689  825 2651 2174 1118 2125 1761  256
  696 2221  718  645   54 1408 2036 1914 1928 1875  243  271 2615 1871  397 1915 1967 2261  748  855 1117 2172  113  733 2495 1728 2186 1236 1159  963 2639  522 1538  482  369  721  734 1363 1367 2676 2400 1062 1102 1423 1762 1237 1378  155 1311 2563 1838 1148
  275 2548 1279 1604   46 1567 1391 1420 1607 1905 1902 2376  407 1516 1829 1145  588 1507 1152 2626 2578 2417  883 1146 1328 1318  234 1298 1708  127  914 2595  831  307 2216  608 2279  393 2419  923 1831 1013    5  912 2325 2146 1401  375  425 1065 2049 1571
 1387 1186 1570  443 2431  171 2464  578 2095  562 1126 1990 1581 2234 1265 2386 1953 1246 2579  657   39 2455 2393 1837 1442 1852  837  606  516 2029  791 2317 1537  350 1276  544  265 1615  257 1833 1963  896 2399 1150 1548 1687 1614  353  173 1724  908 1220
  787  128  767  862 2008 1752  432  478 2547 1067 1249 2319 1748 1771 1069  740  852 1375  100 1672  202 2388 1004 1368  471 2207  499 1119  874   67 2421 2527  817 2698  612 1180 1164 2632 2272 2237  601 2562 2012 1764 2653   95 1105 2343 1978 1142  337 1256
  609 1400 1889 1080  880   98 1438 1437 2385  405 1719 1266  683 2483   90  207 2262 2071 1134 2192 2278 2116 1835  829  151  123  370 1591  875  212 1753 1922 1366  774 1973 1474  291  310 2037 2250  664 1779 2316  176 2647 1946 1185 2390 1720 2051 2434  764
 1077 1810  535 2432 1681  864 1678 2327 1091  615 1095  724 1003 2348 1781  669  429 1839 2480  251 2294  796 1338 2183   37 1936  203  255  112 1362 1039  735 1704 1652  423  686  663 2524 1445   91 1253 2127 1016 1996 2254 2191  290 1878 2504 1663 2652 2299
  126  752 1843 2446   49  931 1824 2342 2249 2078 1049  841 1968  722  603 1057   93 1216 2084  481  157 1588 1170  403 1909 2518 1213 1995 1655 2420  304 1217  599  997 1034 1425 2302  267 2296  629  695 2502 2329 1830 1776 1446 1563 2334 1515  235 2463  790
 1926 1108  996  753 1800 1858 1792  703  847 2142 1668 1169 2006  746 2164  967 2530 1826 1225 1525 1261  264 1031  591  306  778 2492 2206 2041 1992 1860 1865  946 2470  361  879 2098 1128  472  553 1620  196 1433 2247 1243 1434  671  681 2072  146 2228 1014
 2591 1452 1730  191 1372 1007  690 1566 1714 1324 1740  273  987 2381 1807  755  654 2522  206 1032 2384 2532  706 1485 1503  431  272 2671  318  700 1540 1407 1223 2540 2166  338  145 1859   80 2569 1450 1899  637 1733  518 2354 1965 1520 1001 2236 1575  579
  149 2415  177  515 1948 1536 1111 1205 1601   22  913  384  360 1157 2508 2285 1997 2136  474 1628  962  153 2394 1296  288 1011 2240 1768 2593  582  717 1068 2131  108  186 2337 1241 2447 1349  116  389 2675  842 1639 2411 2521 2687  972 1495  785 1887 2519
 1984 1321 1322 1707   48  469 1309 1323  739  414 2283 1494  475 1447  222 1107 2600  447  828 2567 2089 1078  951  114 2362 2485  771 1326 1113 2662  766 1980  725  861 2126 1033   81  747   89 2184 2436 2083 2173 1820 2274 2616  728 2611 1035  988  140 1777
 1444 1130 2017 2642  628 1424 2068  130 1913 1499 1939  395 1244  521 2422  865  788  217  574 2129 1359  684  980  462 2088  797 1292 1956  559  919 2397  103 1674  859 2009 2026  473  666 2515 2218 2115 2490  463 1749  104 2189 1694 1409  242 2341 1562 1947
 2395 1669 1277  508 2264 2383 1624  849  948 1895 2315 1465  330  811 1804  205 2109  813   31  511 2149  961 1692 1786 2265 2634 2295  557 1579  480   26  688 1158 2644 1616   53 1228  418 2536  824 1650  542  938  220 1461 2589  921 2177 1794 1885  490 1868
 1770   13 2568  502 1478 2509 1759  435  939  406 2057  639 1938 1964   10 1897 2538 2565 2661 1115 1399   83  494 2700  543 2289  754  860 2023  915 1052 1195   16  420  982 1710 1554  712   61 1643 2570 2330 1063 1635 1377  665 1888  333 1881 2638 1879  903
 1206  411 1632   96 1484 2479  359  932 2520  315 2145  711  670  147  610 2623  461  352  992  279 2360 2625 2110 2663  451 2144 2086 2372 2087  597 1812  818 2304 1129  589 2128  834 1660 2409  634 2220  786  779  784  973 2290   29 1165 1038 1271 2660 2099
  631  934 1138 1281 1645 1518 1197 2444   33 2077 2048 2204 1841 1808 1677  854 1693  488 1088 1782 2314  924  710  485 1329 1179 1788  853  983 2649 1942 1385 2618 1952 2344   88 2537 1207 1082 1577 1621   11  178  292 1894  898  986   66  105 2187 2010 1755