   12 1918  902 2248 1205 1214 2415   77 1920 2671  376 2278 1678 2517 2189 1352 1065  604 2089  193 2299  334 2245 1628  807  979   57 1602 2603   46 2014  401 2397 1344  877 1044  244 2615  463 1925  792 1420 1830 1979 1646 1309 1882  485 1245  623 2784 1367 2256
 2215 1967  853  935 2503  408   39  872 2592  359 1956 1685  225  274  683  142 1061  217 1129 1752 2452  591 1298  784 1188 2761 2077 1359 2148 1787 2099  825 1598 2213   60 1781  220 2728 2524 1285 1725 1768  707 2602 1784  868  769 2416 1137 2573 2384 1509  578
  239 2187  308   38 1480 1717 2131  130  760 2618 2499 1172  631 2284 2220  403 1087  336 2097 2255  532 2790  734 1506 1548  544 1488 1839 2518  240   63 1452 1353 2637 2293  309 1754   83 2405 2591 1946 1732  678  897  820 2270 2378  849  705  332 2633 2068 1886
 1041 1535  398 2635 1259  618 1859 1810 2387 1590 2095 2726  648 1360 2801  834  816 1547 2029 2123  656  434  357 2372 1931 1132 1565 2636 1442   80  719 1770  946  290 1461 1284  236 2048  492  368 2475 2046  502 1417  441 1477 1235 1832 1558 2412  930 2435 1375
 2157 2287 2290  614 2318  216  907 1748 1766 2052 1271 1537 2205 2088  545 1422  973 1636  551 1478 1338 2407 1735 1175 1058  405 1624  924  786  747 2162 1566 2001  506  377 1277 2164 1434  250  269 1536 2061 2420 1966 2154 1572  275 1379 1062 1247 1389 2059 1079
 2646  818 1068 1340 1750 2214 2616 2580  675  201 2558  788 1955  315 1549 1527 2203  237   95 2563  921 1544  752 1148 1820  228 1273 2037 1695 1841 2644  198  321  651 2361 1499 1649  314  141 1531 1708 2534 1015 1403 1826 1942  125 2578 2233  529 2280  790 1236
 2394  700 2561  630 2269 1866  476  433 1404 2598 1856 2362 1798 2604 1664 1800  571 2271 1932 1279   98 1706 2662  569 1874 1944  475 1027 1688 2229  698 2300 2753  869 1850 1385  122  110 1064  696 1939  640  281 1287  196  642 2006 1504 1409 1978 1907  821  268
  961  916 1283 2584  525 2410 2132 1038  304  248 2292  258 1647 2194  512 2191 1272 1112 1779  264  524 1947  194  904 1999  320 1923 2486 1613  421 1152 2559 1867 2627  653  491 2242 1376 1413 1036 1262 2721 1179 1335   43 1961 2062 1818  874 2368  412 2723 2038
  364 2630  870 2419 1883 1941  119 2121 2021 1315 2639 1053  479  763 1809  473 1226  210 1556  353  685  891 1827 2391  349 2670  721  365 2648  983 1349  503 1483 1163 2575  436 2395 1771 2583  333  710 2620 1642 2490 2694  354 1395 1583  948 1816 1093 1718 1037
  474 2019 2359 1915  515  178  731 2705  538 1039 1778 2661 1334 1155 1356 2377 2744  468 2043  855 2628  876 1154 2652  889  500 1643  272 1033 1109 1014 2202  283  773 2436 1162 1811  813  843  427 1569 1227  554  972 1627 2707 1928 2750 2533  783  594  748 2709
  504 1102 1280 1560 2571 1470 1813 1580  331   84 1416 2600 2371 1446   15 2590 1674 1997 1711 1060 1366   27 1673 1846  450 1585 2713 1136 1020  407  709  555 2138   66 1145 2757 1141 1150 2071 2210  461 2537  632  744 1616 1107 1401 1187 2450 1878 1192 2634 1286
 1042  456   30 1250 1681 1668 1153  422  329 1743   67 2601 2459 2230 2439 2003 1399 2296 2375 2398 1814  324  933    7 1785  103 1759 1256  498  974 2658 2139  124 1665 2101 1295 2107 2716 2012   96 1712 1895 2374  472  100 1702 2277  835 2422 2347  313  563 1046
  900 1860 1384  132 1726 1614 1390 2184 1025  662  589 1307 2593  894 2268 1789 1164   65 2221 1589 2501  883 2273  652  409  680 1774 2289 1985  922 1578 2389  867 2677   44 2315  722 1727 1843 1439 2611 2355  713  981 1696  177 1451 1002  252 1755 1270  965 1912
 2328 2373 1974 1998 1776  901 1619 2491 2124 1972  739  464 1822 1313 2576  860  188 1986 2806  655 1144 1525 1119  841 2477 2152 1355 1481  297  123 1575  971   17 1324 1266 1635  557  830 1330 1224 2675  626   53 2313 1407  567 1713  909  654 1703 1410 1476 2751
 2755 1047  192  929  391 1526 2236 1351 1432  257 1257 2084 1240  584 1606 1066   32  505  519 2285 1388  927 2544 1833 1835 1244 1596 2274 2092 2786 1297 2392 2351  601  443 1892  975  477  754 2106  697 1143 2165 2190 1805 1694 1772   26 2460 1308  990 2178  936
  159  351 2333 2115 2556  266 2239 1323  271   81 2545 2281  299  507 1357  288 1378 1345  310 2632  636 2403 1756 2539  736 2654 2018 1292  547 2025 2134  135 1970  742 1223 1365 1980 1342 1255 1440 1648 1200  882  345 2729 2244 1445 1274  389 2146 1586 2673 1076
 2329 2060  344 2614 2156  490 1899 2338 2679 2508 1676 2449 2015 1121 2039 1594 1559  880 1056  180  426 2382  992 1503  400 1797 1120  745 1723 2153 2346 2766  536 1799  247  114 1423 1806  508 1358  175 1638 2569  254 1095 1541 1871  445 1929   45  846   87 1840
 1617 2763  766 2621 1096 2523  107 1057  906   68 1546  296 1435  624 1194 1215 2732  483    3   79  435 2520  677  703 2321 2417 1243  595 1728 1588 2550  910 1474  828 2738  470  337  546 2427 1884  716 1873 2688 1848 1747 2119 1764 1601 2366  587 1934 1687 2013
 2488  372 2390  466 2053 1070  812  270 1346 2500 2720  339 1753 1479 1265  223 2383 1623 1278 1493 1739 1808 1990  573 2322 1869  137  556  852  144 1433 2548  688 1692 2171  140 1197 2807 1660 1675 1397  501  619 2609 2207 1239 2225 1189 1220 1264 2476  998  197
 1543  385 1984  660 2042 1893  437 2231 1690 1861   99 1659 1013 2307 2519 2358  597 1348 2546  949  399  493 2185 2442   33 1074 1003  548 1579 2078 2235 2672  817 1981 1943 2564 1104 1631 1372  231 2708 1605 1084  146 1022  465 2076 2159 1320  633  687  694 1361
 1489  600 1510  211  562  944 2702 2302 2160  447  932 2022 1059 2128  826  418 2748 2426 2252 2612  457 2617  941  390 1634 2473   47  641 1427 2179 1971 2796 2527 1218 1221 2291  413  387 1229 1796   13  382 2104  586 1573 1591  370 2804  791  566  541 1731 2408
 1072 2325 2448 1823 1123  190  942  256  908 2332 1554 1584 1829 2605  644 2326 1368  684  202 1889 1458 1595 2381 1621 1574 2360 2664  728  263 1086  241 1497 2474 1885  453 2036   42 1828 2791 2511  782  496 2365  804  499  394  995 2400 2035 2689  151 1234   29
 1436  593 2067 2223  695 2568  480 1570 2054 1495 2489  449 1322  330 1201   49 1421  775 1327  676 2574 1380  352 2764  885  582 2016 1030 1620  612 1807  832 2032 1817  919 2521 2074  829 2208 1168 1448  802   37 1855  857 1301 1973 2173  844 2130 1513 2129 2161
 1408  184  616 2528 2737  147 1469 1603 1012 2629 2446 2496  416  150  865 1500 2349 1838  213 2172 1208  815 1913 2509  533 2730 1795 1894  814  987  251 1969  854 2530 1507   89 1857  243 2181 2007 1204  939  859 1630  568 1940 2782 1663 2472  395  214 2316   19
 1639  985  862 2643  620 2497 2599 1900 1790 1862  293  136  689 1124 2369 2301 1206 1009 1666 2773 2434 2687 1441  669 2752    5  982  795  203   14 1085  776 1729  708 1125 1080 2458   25  577 1005  294 2030  273 2212 1018 2243 1897 2105 2142  704 2799 1371 1864
 1195 2080 1454 1653 1494  280 1097  393 1447  219 1502 2607 2314  914 2455 2224 1316 1629   48 2027  667  284  603   51  235 2781 1174   94  947 2641 1050 1508 2276 2547 2028 2155 1190 1604 2411  637  610  534 2295  363 2334 2577  663 1219 2109 2240 1957  340 1993
  484 1211   31  822  658 2808 1677 1597 2647  903  838  185  381  221 1024 1251 2344 2481 2645 2267 1935 2743 1111  755  170   55 2352  711  552 1485  559  374  599  964 2017 2697 2623 1562  609 2150 2357  890 2582  884 2767 2566  383  112 2337  172 2065 2170 2682
  285 1891 1553 2510 2197 1387 2487  607 1083  967 1517  952 1186  723 1176 2298 1880 1425 1924 1854 2169 1853 1249 1336  724  276 2399 2331 1203 2809 1157  109 2649 1724  328  277  423 1170 1518  863 2587 1758 1317  267 1108 1383 2570  761  811  800 2483  215 1936
 2137  611  805 1402 1293 1930 1075 2279  542 1045  628 2379  173 2364 1391 1615 1398 1473 2340 1028 2250  111  664  305 1386  322 2009 1710 2404 1786    2 1091 2552  955 2127  319 2288 2540 1927  207 2441 1599 2339 2348  918 2186 2249 1890 1210 1055  753  574   40
 1514  823 2624 2588 2064 1392 2363  799 2714  224 2251  771  797 2711   18  455  105 2222 2320  564  727 1902  625 1921 2701  756  999 1960  673 1008 2180 1406  796  887 1524  570 1821 1455 1669 1419 1658 1314 1705 2020  977 2536   52  996    4 1879 2093 1082 1831
 1471 1128 2794  182 2393  396   35 2386  108 2778   86 2608 1877 1428  360  966 2736 1381 2163 2428 1780 2480 2557  209 2484 2110 2103  923 1465  672 1103  575  549  851  989 1539 1191 1777  165 2531  134 2802 2706 1460  148  338 1456  179 1043 1707 1006 2168 1561
  657  621 2234 1901 2135  912  780 2742   92  301  772  520  839  343  452 1875 1699 2402 1881  255 1016  488 2515 2456  690 2297 2217 2691 2451 1801 2461 1951  246 1130  679 2283 2211   70 1377 2193 2192  671 1545   93 2595 2529 1908 2199  725 1532  858    6  976
 1449 1305 1933  152 2512 2457  139  317 2589 2789 1751  531  537 1496  540 1954 2758 1031 1919  127  489 1964 1511 2526  128 1529 2066 2443 2660 1306 1640   76 1354  560 2056  553 2674   22  561 1937  253   23 2335 1303 2241 1302 1519  970  444  712 2388 2522 2112
 2413 2699 1418 1029  430 1903  951 2698 1328 2562  149  186 1557 2237  896 2445 1089 2423 1105  693  878  803 1948 2703  997 2275  950  242   82 1965 1722  686  167 1650 1077 1505 2098 1836 2174 1405  602 1411 2011 2663 1704 1341  899 1431 1641  451   88 1216 1633
 1225 1898 2324 1267  565  928  429 2047 1909 1792 1968   56  915 1159 1802   10 2238 1736  428 1622 2513 2385  583 2198 1199 1679  516  827 1689  539 1987  262 1054 1657  617 2494 2585  959 2733 1958 2762  806 1847 1363 1288 1131  765  312 2542 1133 2756  278  730
  920 1007 1193 2581  514  639 1291 1609  809 1737  206  101 1429 2026 2560 2734  419 2653  527 2040 1393  348 2668 2319 2327  183 1698 1983  116 1490  510 1185 1512 2667 2554 2023 2140  702  984 2079 2219  163   85 1516 2232 1763 1910 1482  442  585 1742 1140 1310
  265 1953  810 1744 2613 1252  886 1004    9  478  579  692 2444 2253 2685 1135 2102 2247  311 1767  768  378 1253 2735 1260 1486  467 2469  925 2780 2549 2505 1982  118 2650 2722 1196 1926 1491 1052  706 1769 2466  831 2206  777 1761  162 1720  379  261 1117  369
 2145  153 2262  230  866 1991 2033  635 1113  895 1158 2759 2770  342 1114  960  808  366 1165  208 2462  875  576 1533 2254  346  638 2070  649 2433 2341 2787 1232  156 2437  770 2002 1906 2710 1680 2725  764 1333  362 1773  459 2113 1719 1757  126 1238 2745 1521
 1868 1788   62   34 1662 1994  715  819   28 2425  523  249 2272 2303 2535 2514  590 2727 2746 1329 2000  446 2430  647 1207  794 2258 1693  367 2696 1453 2771 1017  229 2136 2108  375 2532  102 1426  845  295 1916 1746 1248   24 1311 1552  154 2715 2367 1048 1374
 2432 1992 2502   41 2094 2681 1538 2125 2507 1716 1654  397 2686   64  143 1400 1318 2572 1608  286  513 1242  495  291 1126 2188 1515   73 1804 1149 1412 1171 2343 2492 1734 2063  392 2260 2336  737 2085  968 2396 2760  462   90  155  837  991  785  131 1837 1876
 2045  371 2541 2117 1217  848 1099 1000  411 2579 2683 2073  726  592 1870 1459 1331 1888  511  956  953  833   11  145 1263  893 2551 2740  191 1101 2353   97 1035 2504 1542 2257 2465 2693 1182  674  746 1523  732 1626 1326 2304  774 2126 1222 1950 1415  335 2586
 1290 1213  741  738 1904 1644 2345 1749 2678  718  758 1783  355  781  666 1782  425 2049 1564  535  850  181  757 2795 1691  986  373 1462 2493 2724  842 1011 2008 1246  458  668 2310 2406  323 1550 1520 2082  898 1394  864 1775 1001 1173 1437 2777 2116 1917 2659
 1134 2086  259 1161  169 2354 1733    8 2312 1625 1952 2596  497 2081 1534   54  871 2204   20 1049 2798 2792  762 1414 1975  481  543  245 1684 2463 2676 1849 2010 1852  282 1178 1444 1963  158 2323   61 2090 1337 2356  646 2619 1593  166  302 2769  120 2055 1760
   36 1824 1343  913 1373  406 2200 2803  905  627 1612  751  168 2800  945 1655 1571  940 2718 1762 2041 1231   58 2311 1637 1294  958 1791 2453 1325 2669 2479 1976 2666 1019 1233 1472  326 2141 1645   78 1487 1321  743 2409   91  298 2482 1863 1815   75 1652   74
 2317 2024 1443 2657  164 2447 1370  454 1740 2209 1299 2401 1237 2464 2525 1996 1090  969  778  840 2087 1467 2788 2438  787 2597  494  432 2044  341  260  200 1577 1268 2263 2655  701  645 1656 2091 2004 1369  318 2259  113 1632  287  300 2175  222  888 1611   72
 1069 2656 2075  307 1118 2282 1282  879  917  750 1032 2765 1269 1851  157  528 2031  954 2144 2793 2638 2700  388  104   71 2692  469 1977 1825 2454 1254  160  629  517 1794  384  714 2712  358 2731 1697 2227  518 1466 2485  793 1094 2376 2606  361 2261  691  460
 1438  380 2151  749  779  558 1540  521 2100 1745 2543  580 2776 1198  665 1714 2096 2774 1905 1667 1896 2779 1911 2264 1023 2294 1812 1040  596 1026  227 1701  934 2120 1530 2418 1063  121   16  133 1230 1865 2182 1738  789  439  717 2058 1587 2553 1468  767  289
 2216 2440  759  643 1281 2785  892 1051  720 1683 1021  199 2429  226 1261 2177  650 1166  404 2565 2741 1088 2665 1300 2498  234 1241 1312 1463  410   69  415  233 2195 1962  316 2640 2083 1568 2739 2717 2467  174 1457  161 1034  938  931 2468 2228  138 1332 2680
 2111 2749 2176 2783  327 1115 1721  911 2201 1067 1582 2266 1610  279  847 2424 1258 1212  926  212  608 1730  861   50 2805 1563 1709 1183 1160  486 1276 2626 2265 1834 1347 1209  204  306  509  356 1430  661 1682 2797 2538  988 2034 2143  588 2167 1988  856  729
 1959 1098  659 1501  605  699 2421  572 1304  420 2305 2695 1106 2471  937  740  824  431  681 1803 1142 1844 2594  325 2350 1138 1492 2622 1618 2330 1382 2690 1116  350  471 1715 2196 1424 2478 1081  347  613  106  171 1522 1949 2506 1498 2431 1651 1592  440 2050
 1275  873 1581 1289 1167 1396 1995 1672 2610 2309 1228 1661 1528 2370 2642  176 2069  801 1110 1567 1450 1177 1184  292 1464 1202 1922 2380 1872 2704   21  526 1686 1551  836  386 1475 1147 2719 1484  550  238 1819  682 2166 1180 1146  598 1296 1139 2747  980 1127
 1671  195   59  670  798  487 2625 2631 1071 2308  218    1 2072 1010 2567 1845  115 1092  606 2495  438  129 1156  735 2246 2122 1122 2772 2516 2775 1078 1576 1181 2226  530 2114  615 1914  189  303 2342 2651 2218 1938 1858 1100 1339 1073  993 2051  994 1842 1793
  232  963 1607 1670  581 1945  424 1765 2147  402  962  414 1600 1362  187  978 2118 1319 2183 1169 1151 2306 2414 2286 2158 2684 1350  482 1741  205  448 1555 1887  943 1989  622  733 2768 2005 2470 1364  634 2057  522  417 2133  957 2754  117 1700 2149 2555  881