 1568  557  325  188 2386  987 2294  623 1610 1378 1865  879 1703  839 1511 2547  404 1234 2509 1758 2744 2692 2482  152 2020 1016 1563 1887 1895 1724   39 1822  402 2785   34  207  973 1509 1249  861 1444  186 2325 2081 2050 1120 2132 2371  434  300 1463 1328 2010
 1983 2219  716  954 1781  366 1217  577  213 1484  227  279  333 1682 1832  843 1428  369 2130 1798 2641  294 1953 2283 1251  822 1033 2301  144 2432 2167  971  810  813 1469 2350 2011 1843  419 2078 2486 1372  483 2246 2268 1281 2071 2793 1180  400 1145 1520 2704
  254 1839  399  686 1250 1733 2151 1561  231 1789 1636 2272 1446  537  714  848  994  324 1899 1243 1490 1990 1098 1628  921 1367 2258  111 2667 1906  304 2249 2479 1477 2639  580 1400 1660 1067 1524 1764  594 1358 2266 2174 2593 1410 1448  908  280 2680 1125 1244
  436  141 2542 2503 1029  625 1777 2607 1148 1414 2495 1380 1557 1025 1838 2437  360 2147  955 1152 1450 1995 2425 2461 1912  465  798 1686 1806    3  961 1583 2256  162  438 2013  934 1778 1161  524  512 1107 1748 1620   80  608 2781 1970 2138 1828  199 1340 2155
 1547 2034  584 2560 1373  878  708 2419 1086 1726 2708  626  487 2714  652 2780 2470 2771 1382  893 1238 1697 1136 1566  895  253  528 2182  137  272 1126 1361 2439 1901  913 2274 1334 1693 1881 1942 1679 1186   53 1471 1467 1553 1218  777 2273  805 2031  297  489
 1545 1805 2647   95 2117 2531  858 1075  166 1886 1317   19  776 1003  330  273 2721 2802  659 1089 1365 2338 2415 1432  905  281  670 1882 1265 2061  889 2190  731 2776 1842 1087 2561 1195 1219 2360 2653 1459 2178  507  717 1694  437   15 1596 2124  847 1672 1388
  887  694 1403 1574   54  103  771 1727 2369 1132  727 2097  607  759 2253  737   28  551 1167 2741 1191 2363  646  352 1742 2431  155 2737 1204 1070 2487 2223 2627 2107  174 2749 2586  618 1308 1391  999   33  983 1770 2683 2580  856 2148  257 2728 1773 1948 1165
 1088 2530 1766  764  840 1352 2062 1666 2035 1483 1888 2396 2019 2687 1462 2694  965  962  319 1691 2110 1004  482 2134 1858 1538 1344 1153  642  411 1503 1937 1896  320  600  758   52 1436 1529 1941 1271 1320 2102 2472 1160  464 1976   38  988 1624  387 1627 1719
  389 2536  101 2328  809 2293 2555   83 1001  568 2632 1713 2230 2430  209 1826  323  277 1530 2059  992 2507 1978  274   67 2442  888  428 1496 1461 1128 2364  198  136 2610 1407 1804 2095 2331  593 1699 1977 2409  432 1169 1955 2006  612  668 1829 1084 2525 1009
 2337 2143 2469  362 2320  220  131  200  321 1625 1330 2213  440  545  835 2625 2620  792 2398 2651 2787  486 1272 2491  167 1131 1458  661 2193  392   50  938  413 1536 2008  308 1331  786 2405 2168  574 1655 2064 2162 1859 2453 1335   24 2423  741 1759 2366 1492
  904 2596 1541 1664 2417  401 1526 2753  559 1559  429 2289  123 1543   16 1162 2677  460 1077 1481 2027 1849  692 2358 2448  372 1349 2725 1575 2074  156 1862 1080  976 1956 1502 1788  241  662  680 2732 1911 2352  242 1113 1847  564 1386 1283 2349  268 2718  151
 1816  693  779 1987  883  262 2805  256 2724 1763 1678  221 1616 2441 1762 1028 1311 2218  828  964  588 2541  270 2773 1840  448 1717 1586 1795 1928 1837 1187   11  453 2072  386  706 1711  929 1988  590 1375  793 2723   84 2367 2736  346 2388 1517 2304 1836  605
 2255  450   71   43  753 1848 2216 1468 2252 1012   92 1870 1532 1676   14  814  918  967  953 1891 2564 2685 2362 1202 2447   59 1892  287 1940 1973 2770 2475 2584  128 1579 2224  803 1124 2664 1079 1260 1046   10  218  120  276 1321 1394 1752 2322 2668 1392 2750
 1420 1454 1500 1658  975 1554  910 2571  872   45  663  553 2356  650 1920  666 2633 2646 2407  406 1577 2093 2127 1824 1531 1323 1225 2408 2197 2260  318  963 1931 1346  317  772 1618 1639 2512 2562  757  609 1984  610  920 1560  572 1982  643 2629 1692   99    6
 2796 1336  997  195  466  647 1196 2576 2660 1779 2746   35 1435 1997  665 1718  481  237 2191  946  204 1370 2152 2455  516 2094  175 1585  193 2433 2797  886  255 2505 2082  627 2558 1051 2465 1950  696 2195 2051 2649  620  722 2047  807 1310 1115 2212  314  275
   72 1133  621 2602 1874 2764  296  851  928 1327 1134 1857 2427 1096 2211  340 2466  468 1687  354  356 1925  179  504 1287 2710 1027  783 1326 2194 1291 1129 2261 1292 1290 2313 1800 2666   70 2803 1494  107  147  852 1569 2070  561 2730 2590 1138 2809  812 1872
  454  960 2581 2557  718 2707 2673 2044 1550 2766 2007 1105  462 2226 2703 1198  172 1164  533  312  250 2251   87 1269 2523 2684 1445 2236 2310 2485 2538   64 2309  684 1144  341 2340   86  855  796  645  831 1595 1150  902 2565 1714  534 1073  761  309 1651 1146
   82 2048 1662  118 1301  802  252 1264 2343  604  993 2630 1924  842 1057 2105 2375 1065 1546 1154 1715  634 1580 1871 2333   66 1076 2686 2265 2786 2242 2755   27 1031 1485  307  797  939  145 1523 2672 2185 2594 2428 1006  773 2591  104  818 1735  243 1860 1026
 1961 1054 1951  477 1668  532 1189 1706 2303 1227 1472 2192  864 2745 1927   68 2179 1222  544  203  445  422 2119 2783 1623 1209 1155 1674 1460 1930 1504 1731 2187  201 2650 1654  586  164  134 1622  595 1422  284 1159 2146 1855 2575  819 1178 2326 1314 1359 2696
 2549 1114 2429 2235 2568 1765 2005  943  449  509  912 1049  266  499 2502 2154 2774 1909 1746 2069  373 2494 1181   57   55 2188 2133  698  501 1803 1527 1228 2208 2661   62  110 1734 1634  799 1270  891 1975 1525  917  827  535 1449  969 2754  390 1934  951 2186
 2055  105 1782 2790  894  644 2118 2406 1021  505 1944 2582 1108   76 1807 1853 1852 1127 2017   79 1429  846 1246  183 2053  100  587  191  853  949  892 2473 1544 2628 1360 2640  180 2671 1224 1776 2189 2001 1786 2206 1442  654 1014 1774 1902 1644  430 1319 1514
  127 2451 1183  395  876  239  614 1497 1282  375 2589 1673  371  306  914 1684 1094 1302  978  431 2254  184 2801  212 2597 1716 2669   93 2021 1923 1188 1055 2204 2269  474 2311 1064 2501 1000 2298 2720 2202 2717   74 1194  789 1802 1393 1933  523 1037 2355 2511
 1994  511 2656 1453  236 1790  866 2769 1725 2002 2277 1601    4  435 2090 2087  229 1297 1437 1068 1255 1875  615  154 2553  547 2307  470 2290  342 1581  415 2462  370 1814 2288 1434  735 1631 1916 1908 2570 2637 1280  778 1106 2682 1685  845 1296    1 1396  700
 2317 2626 1867 2142 1200 1946  739 2401 1648 2624  269 1897  378 2519 1362 1177 1772 2391  361 2636  791 1521 1342 2788  977  121  958 1139   47  859  488 2336  869 1954  689  539 1743 2381  743 2392 2125 1535  478  225  443  747 1739 1964 1614 1597  405 1856  788
  648  742 1464 1286 1883 2679 1591   48 2403 1348 2221  597 2129 2184 1992 1555 1430 2116 2057  192  738  863 2030 1343 2372  444 1095  338   65  391 1069  691 1670  925 2739  140 2735 2085 2695 2443 1149   49  804  510 2791 1784 2400 1756  235  232 2608 2500  211
  408   51 1917 2157 2183 1486 1607 1002  247 1030 2240 2789 2370 2681  619  734  970 2414 2752 2073  178 1020 1210 2450 1440  423 1175  476 1588   30 1473 2353 2063 1518  116 2567 1174 2101 2346  461 2088  548 2471  730 1298  343 1274  769 1633 2510 1387  536  986
 1952 1797  653 1605  959 1507 1649 2748  841 2291 2458 1793 1683 2402 1592 2578 2106  957 1643 2698  585 2663 1384  331 1092 1528  857 2166 2318 1398 1007 1103  223 1299  363 2556 1918  187  896   42  719  932  350 2054  339 1570 2374  315 1377  704 2357  833  713
 1058  611  874 1284 2808 1499  301 1190 2156 2659 2361 2227 1785 1850  383  675  310 1604 1702 2618 2477 1457 2528  302  329  349 1659 1689 1424  282  540 1868 1039 2743 2449 1732 1157  628 2445 1061 2662 1226  603  907 2239 1104  703 1602  148  305 1710 1769 1374
 1582 2635 2622 2278 1241 1470 2435  515 1565  801  770 1812 1052 2282 1261  238  834  348  990 1306 2700  181 1794 2075 1894  267  867  927 1207 2164  518  206 1898 1476 2670 1957 2029  669 2306  139  196  817  173 2100  531 2601 2065 1968  995 2280 2122  158 2478
 2634  125 2023 2344  687 1889 1825 2359 1482  114  667  388  947 1986  630 2394  937  599 1801  475 1208 1695  439 1289 2588 2424  525 2379 1972  215 1022 2145 1922 1059 1578 1661 2585 2459  575   58 1355 1681  384  108 1147  157  806 2506 2332 2716 1958 1935 1276
 1220 1698  115 1357 2393 1119  513  337  780 2397  185 2421  459  420 2693  119   85 1723 2390 1192  602 1295 2552 2422 2731 2675 2619   31 1548  240 2373 1032 1827 1005  979 1959 2496  870 2609 2329  581 1062  508  678   73 1542  520 2644 2049  697 2436 1617 2248
 2778 1101 1322 2201 1904 2395  750 1376 2412 1455 1861   32 2733  313  519  712  494 1401 1493  922 1044 1231  560 1478  285 2181 1885 2767 2176 2096  403  576  774 2807 1869 2153 2285 2091  541 2384   37 1137 1878 1667 1571 1318  455  177   21 2297 2077 1288  782
 2045 2516 2492 2060  637 2225 1590  562 1745 2678 2377  948 2798  355  854 2126 1262 2572  451  624  985 1245  336 2434   88 1364  149 1452 2200 2642 1366  407 1466  785  877 1709 2315 1771 1034 2599 2365  656  311 1508  414 1913 1993  635  930  109  463 1522 1505
 2719 1613 1300  685 1669  683  248  672 2757 2387 1235 2335  353  216  292 1947 1024 1823 2140 2342 2794 1728 2463 1163  679 2691  682 1981  885  633  884  556 2171 2115 1285  425 1767  768  398  825 2079 2551 2763 2535 1406 1356  781   77 1811  767  641  849 1516
 1638 1864 1451 2024 1817 1489  690   41 1040 1740   44  143  493  715 1708 1819  381 1593  377 2747 2042   26 2775  498 2665 1845  924  417  794 2043 2613  159  811  800 1412 2529 1967  530 2149 1275 1863 2334 2742 1962 2729  327  591 2533 2621 1259 2270  410  736
 1010 2113 1754  251  676 1456 1721  500  875 1809 2083  749   25 1203  982 1019  146 1248 1645 1641  344 1257 2440  326  529  543 1506 1791  740 2623 2715 2631  160 1273 1066 2657 1851 2604 1498 1677 1258 1263 2467 1652 1880 1426 2761  427 2543 1873 1431 1397  950
 1705  838 2758  244 2521 2380 2112 2573 2550 2323  283 1621 1938  695 1354  303 2275 1112  364  897  456  263  658 1041 2652 1303    8 2614 2109 1100 1738 2041 2217  368  755 1166   89 2539 1630 1701 1749 1600  458 1741  639 1729  358  998  259 1038 2524 1821 2257
  592 1409 1792 1587  153  496 1008  521 2706 1368 2004 1404  418  208 2411 1130  880 2341  709 2199  984 2416  651 1599  365 1598 2263 2515 1936  133 2203 2032  357  182 1929  952 2738   91 2066 1751 2103 2015 1350 1515 2259  711 1480 2712  873 1193 1213 2267  677
 1675 2316 1091 2123   81 1184 1488  570 2569  732 2595   61  701 2068 1425  760 2250 1339 2169  784 2339 2457 1712  636 1048  472 2702   29 1293 2222 1932 1903 1329 1603 1151  264 1866 1082 1642 1168 2287 2689  441  328 2504 1212  421 2655  293 1606   97  681 2420
  980  197 2173   90 1611 1818  189 2587 1415 1650  226 1755 1980 1345 2676 2799 2324  473  733  503  935    2  214  890 1395 2300 2711 2000 2658 1341 2067 1657 1216 1646 2104  567   46 2314  579  881 1017 1835 2727   78 2446 2498 1172  981 1199  901 1750  222 2592
 1182 2554 1045 1564 2092 2740 2389 1332  945   69  763  790  865 2784 1945 1551 2452 1253 1315  911  265  578 1085 1229  161 2508  832 1696 1780 2245 2418   36 1413 2514  756 1063  522 1304 2611 1416 2141  940 1402 1919  723  566  278 2276  598 1170 2305  710 2464
  171  538 1381 2089 2052  613 2488 2751  657 1813 2241  291 2165 2302 1324  836 2546 2012 1656  550 2645  906  898  135 1433 2345 2018 1023  230 2520  322 1294 1969  582   17 1221  480 1254  261 2056 1998 1266 1102 1135 2690 1552  376 2039  837 2121  728 2228 2308
 2022 2699  396 1071 1647 1123  815 2264  754 1615 1072 2438 1474 1118  844 1093 1307 1141  565 1640 2026  616 2777 2160  169 2544 1363  393  860  217 1411 2410  989 2058 2480 2765 1768 2234  549  554  820 2579 1690 2321  150 2490 1325 1312 1700  299 1914  295  129
 1737  517 2734  379 2413 2319 2709 1117  113 1176  752 1438 2404 1078 1556  991 2177 1036 2158 1277 1537 2603  106  112 2299 1576 1512 2279  397  829 1197  426 2760 2540 2036 1179  298 2025   12   22 1787 2286  775 2296 1834 2354 1379 2481  514   94  527 1316  996
  552 1594 2170 1443 1949 1799 1510 1926 1242  409  467 1974 2701  484 2526 1447 1305 2474  249  382  903  744  850 1205 2476  765 2033 1688 2159 1540  563 1844  664 1338 2196  228  746 1035 2233 1081 2038 1385 2537  558 2759 1252  412 1632 1744 1143  132 2756 1223
  168 2654  808 2454  640  433 1783 1495  909  546  542  942 2566 2080 1831  345   23  245 2237 2385 1876  260  724  490  699 2800 2084 2120 2108  347 2295 2616 1637 2014 2444 2292  571  416  495   96   75 1090  936 2460  271 1539 1230 2037 1979 2762 2376 1996 2244
 1337 1309  632  766    5 2638  289  165  596 2545 1060 2046 2606  170 2136 1399 1761 2563 2175 1939 1043 1619  725 2207  258 2426 2135  966 1011 2792 1567  638  673 2243 1753 1421  130  491 2456 1680  526 2144 2399 2795 1900  862 1971  117 1268  926  234  601 2351
 2368 1491    7 2617 1985 1854 1905   56  589 1418 1963 1083 1796 2040  210  968 2247  334 1215 2378 1417  424 2483 1158 1671  751  492   18 1097 2098 1233  163  374 2238 1890 1635 2497 2284 2111  447  202  655 1201 2131 1830 1877 1846 1810 2726 2214 1427 1439  102
 2028 1760 1156 1441 2513 1730 2574  830 2583  617 1116 1053 2161 2600 1665 2522 1390 2327   20 2648 2705 2198  649  707  205 2804 1966 2281 1383  868  871  469 2099 1371  190  688  573 1237  631 1513  124 2128  246  290 1626  471 1405 2615 2598  219  821  762 1018
 2009   60 2016  506 1833  629   98 1921 1820  726  122 2518 2517 2534 1915  824  335 1173 2271  367 2722 2527 1722 2382 1747  923  944  720 1629  729 1573 2229 1142 1815  485  919 1042  823 2697  900  787  351  748 1214 2548 1775 1232 1663 2003 1879 2806 1236  359
  915 2612  479 1884  674 1907 1056 1960 2137 2348  882 1110 1736  795 2231  826 2559 2232 1423 1015 1534  233  288 2215 2150 1140 2220  502  702   63 1519  176 1239  126 2713 1572 1267 1707 2782 1501 2605  899 1612 1206 2768  933  606  194  332 2772 1240 1479 1389
  316    9  816  380  931 1256 2262 1013  972  745 2532 1608 1584 1999 1808 2312 2076 2139 1047 2577  446  555 2163 2493 2484 1419 2330 1408  385 1050 2086  224  622 1369  569  394 1278 1989 1111 1121  583 1653 1757 1122  956 1549 2205 2172 1211 1910 1475 2643 1351
 2180   13  452 1965 1720  660  941 1991 1109 1074 1313  671 1562  286  497 2779 1333 1171 1465 2114 1099 1347 1609 2489   40 2674 2499 2210 1589 1943 1704 2383 1558  142 1893 2347  138  721  705 1247  916 1841  974 1185 1353 1487  457 1279 2688 2468  442 1533 2209