  344  191  970 2618 2488 2297 1352 2436 1522 2091  204 1599  199 1203  739 2377  866 1902 2620 1987  537 2551  176 2843  797 2575 2890  594 2170 2676 1473  365  923  873 1421  271 1251 2457 1431 1385 1221 1708 1153  354 2887 1652 2052 1092 1184  194  536 2909  115 2038
  269 2802  278  241 2894 1833 1186 2531 2719 1271 1885 2267 2356 1357 1493 1596 2168  576 2913  574  161  224 2324  457   25 2714  114 1103 2661 2572 1860  476  285 1410 1143  622 1019 1774 2607  349 1253  659 2798 2830 2343 1482 1554  442   72 2104 1619  195 1451 2848
 2542 2269 1738  439  345  920  156  484  786  717 1160 1386 1111 1425  275 2632 2420  954 1960  700  658 2395 2789 2427  754 1205 2699  149 2357  806 1998 2645 1772 2082  554 2513 1606 2606  936 1581  223 2045  590 1037 2601 1255  516 1509 2044 1591 2318 1504 1105 1470
  585 2842 1469  533  980 2238 1258 1095 2415 1910  247 1720 2447  993  707 1714 2434 2644  245 1545  953 1979  865 1593 1142 1627 2180 1798 1444 1115 1474  837 2014 1907  186 1985 2727  731  323 2557 2670 1096 1889 2367 1127 1797  893   23 1038  229  259 2652 2741  520
 2066 1334 2824 2722 1904 2608 1185  691  607 1933  300 2766 1166 2148 2034 2230 1547  151  355 1459  755 2697 1572 2750  160  240 2281  831 1267 2528 2850  578   51  346 2630  821 1756    3 1207 2259 2111 1484 1639 1057  491 1281 2803  312  805  672 2602 1560 1341  989
 1188 1326 1861   62 2527 2576 1856  351 2626  166 2144 1320 2113 2301 1265  468   75  326 2186 2784 1318 2746  884 1345 2197 1489 2431  733 1859 1914  885 1463 1299   92  309 1149  188  921 2614 1957 2506 1440 1008 2150 1339 2590  951 1199 1164 1336 2685  835  132 2110
  808 1480   54  708 2157 1192  264 1117  948 1834 1855 1446 2541  530 2331 1689  983  860  506 1376  826 1751 1764 1667 1026  485  378 2581 2781 2208 1906  347  977 1044  109 2773 2653 2061 2478  135 1324 1141 2360  856 1049 1137 2246 2235 2428 2744 1970  106 1688 2846
  418 2412 1665 1419 2378 1650  998 1434 1472  952 2349  583   15  510  416 1518  372 2467 1785 1316 2790  979 1223 1372  737  219  508 2323 2865  407 1403 2103 2635 1101 1806 2611 1795 1679 1645 2579 1176  840 1234  324  541 2219 1969 2536 2302 1514 2009  432  809 1945
  773  722  801 1704  720  515 2102 1610 2003 2313 1104 1782 1305 2271 2817 1270 2183  657 2795  234 1728  295 1120  258 1374  696 1145  591 2816 1565  637 1816  320 1416  601 1882 1737 1254 2217 2698 2561 2778 1439  529 1617  547 2359  769 2690 2290 2068  633 1119 1513
 2444 2566 1478 1989 2206 1457 1021  782 1597  429  177 2760 2588  298  784 2904 2243 2244  142 1498 2568  862 2383 2375 1761  949 1530 2422 1294  818 2311 1290  352 1051 1311  196 1030  915 1055 2742  210 2358  103  410  727  882 1193 2595 1331 2248 2759  313 2255  553
 1881 1081 1725 2598  790 1930 2758 1569  424 1632  438  992 1561  273 2668 2582  330 2578  667  836  588 2514 1684  218  540 2182 1395 1817 2432  417 1315 2152 1934 2717  227  670 2199  669  571 2364 1355 1387 2631 2839 2673 1804  822 1948 1429 1726  183  137  887 1020
  385 1106 2075 1614 2755 2062 2647 2915 2273 1162 1353 2869  470  628 2732 2540  420  361  653  180 2492 1453 1826 1492 1661  203 1677  888 1261  648 1036 2143  867  140 1183 2490 1625 2326  823  448 1165 1076 2334 1775 2355 2819  213 2079  462  619 2030  624 1723 1603
 1707 1211 1187  453 1634 1706 1006 2901 1956 1206 1754 2191 2537 2074 1971 1222  930  445 2002  804  342 1069 1711 1282 1098 1538 2140 2609 1297  276 2374  889 1354 2073 1432  493 2204  848 2047   10 1807  909 1691 1029 1768 2411 1732  242  388 2689  876 1208 2353 1673
  929 2870  473 1167  546 1304 2586 1786  854  956 1452  116  875 1858  486 2347 1744 2859 1607  236 2825 1822  386 1174 1266 2270   47 2739 1161 1276  774  996 2791 2366  465 2874 2477  171 2617  336 1670 2240 2675 2725  254  551  337 2721 1131  217 1100  897 1600 2757
 1812 1705 2577  308 2247 2716 1825 1841 2005  403 2010 1317  428  266 2405 1384  211 2476 2192 1637  253  423 1828 1237 2402 2651 1252 1310 2485 2107 2665  555  828 2533 1275 1792 1938 1109 1417  126 1053 2070  117 2545 1173  958 2836  741 1114    9 1016  371 2486  319
 2236 1243  564 2565  976 1805 1894 1108 1196  147 2692 1152 1793 1477 2643 1054 2493  785 1437 2166  973 1749 1330 1471 2222 2063 2425  249  728  566 2480  357 1397 1604 1515  244 2224 1988 2215  363  251 2330  369 1213 2624 1940  963 1175 1426 1090 2872 2623   14  280
  907  663   48  101 2529 1490  397 2282  181 2194 2810  207  500  787 2523  206 1118 1759 1244 1085 2300  528  898 2709 2417 1905 2325 2508 2855 1631 1851 1056 2770 1963 1510  761 2439  641 1709  845  740 2421   80 1411  277 2550 2069 2646 1742  532 1584 2065 1534  456
 2040 1649 2054 1664  676  598 2811 1405  987   64 2474 1781  482 2209 1923 2172  899  620 2028 1412 2471  911  405   83  651 2064 2683 2593  481  621  751 2098  237  702  136  771 1921 2284 2828 2081 1997    1 1973 2814 1052  917  221 1710 2227 2893 2413 1528  880 1413
 2403 1229  502    8  794  606 1283  490 1364  394 1669  121  947 1068 1946  925  413 2585 1195  444 1325 2337 2564 1824 2151  999 1343 2497 1262 2655  311 2094 2763  656 1288 1089  632 1678 1573 2715 2782   21 2640 2220 2729 1011  382 2093  683 2701 2706  209 2554 1886
 1194 2871 1917  933  426 1010 2501 1571 2507 2092 2522  704 2223 2025 2463  614  422 1630   99 1303 2289 2638 1568 2720  265 2482  892  630 2761 1349 1224 1579 2823  689 1536  712 1309 1712 2466  492 2051  971  421 1801 1238  673 1788 1039  286 1263 1214 2546   89  216
 2023  104  824  810  994  743 1700 1920 2309  282  339 2838 2106  460 1071 2449 2737 2398 1177 2587 2096 1091 1400 1058 1703 2835  364 1369  380  437 1937 2202   16 2262 2889 1983 1883 2594  395  912  390 1035  279  767  905 1314 2777  636 2384 2650 1803  102 2307 1733
 2130 1681 1458 2294 1300   26 2392   77  549 2312 2188  736 2799    4 2764 2187 2090  699 2139 1879 1550 1257 1375 2677  399 2861 2252  268  910 2625  184  145 2749 2385  474 2167 2214 1129 2547 1872  539  830 1377  640 1307 1648 2376  202 1868  535 1319 1616   12  746
 2076   73 2903 2827 1042  329 1062  752  205 1757 2299 2085 1435 2160 1558  189 2165 2388  596 1891  775 1240 1537  604  411  745   67 1197 2748 2216  112 2499 2338  393 2237  527 1977 1653 1370 2796  913 2169 1077  558 1981 2780  398 1796 1666 2124 1279 2525  964 1295
 2622 2667 2239 2553 2035  466   98 1913  389  718   45 2147 2071  610 2291  291 2740   88 2792  412  916 2276 2163 2834 2112 1655  757 1189  130 1675   24 2274  542  927 2753  381  890 1212 2599    5 1644  680 2424  263 2738  454  877 1264 2408 2708 1628 2583  744 1843
  232  631  350  293  165 2526 2666 2785 1590 1298 1635   66 1154   79 1951 1727 2775 1454 1505 2000 1500  649 2127 1544 2459 2538 2837   60  701 1488  455 2059  498 2509 2769 2233 1034 2171 1268 1483  863  872  562 2122   65 1588 1863 1671 2120 1064 2380 2794 1072  459
  496 2178  827  362 2365 2004 1468 2185 1609 2201  682 1302  338 1088 1830  609 1409  613 1122 2396 2261  694 1041 2341 2517 2390 2101 2849 1033 2771  750 1133 2552  550 1873  678  758 1575 2399  124  396 2684  582  705 2225 1780  489 1567 1233 2317  918 2086  545 1758
 1743 1966 1760 2472 2419  665  629 2505  681 1867  572 1532  764 1467 1371 2207 2515 1717 1449  611 1436  501 1327 1840  480 1050 1280 1778  154 2193 1696  729  296 1939 2125 2414 2077 1551 1157 2555 2877 1716 2443  698   82  597  995 2438  575 1394  766 1693  988 2007
  146  603 1259  193  857 2543 1848  449 1877 2664 1151 2700 2468 1875 2460  404  317  781 1001 2404 2730 1365  677  990   43 2908  814 2126 1332  133 1556 1308 1832 1808 2245 1418  427 1443 2249 2475 2137  816 2496  908 1172 1964  306 1086  654 1809 1466 1073 2812 2181
  940  972  850 1736  974  955  383 2504 1496 1994 2279 2621  451 2011 1852  519  690 1448 1368 1475  957 2776 1007 1209 1075 1380 2900 2232  163 1918  661  392  475 2401 2275 2762  436 2029  233 1236 2416 2857  343 2876 2841   94  803 2287 1063 2549 1776 1503  415  901
 2129  499 1766 1613 1735 2015  477 1406  270  261 1323 1485 2024 2368  150 1594  762 1734 1765 1929 2654  105  662  419 2656   57   46 1602 2820 1916  332 1643 2752   85 1574 2712 1146 1202 2205 1874 1285 1527 2702  847 2363 1250  789 1750 1239 2242 1539 2875  158 2426
 2671 1219 1936 1407 1347 2885 2718 2339   91 2013 2322  600 1140 1235 1497 2703 1676  946  679  367 1245 2067 2567 1548 1901 1618 1107 1526   33  305 1398 2858 1335 2060 2657  605 1392 1608  119  716 2213   76 1844   39    6 1686 1511 1535 2440 2228 1695 1066 1577  387
 2012 2136 1031 1790  944  521 1633  509  811 2370 2280 1908 2574 2386 1047  849 2142  793  759  817 2134  693  756  170   50 1909  531 1690 1284 2629 2519 1748 2335 1978  891 1273  283  942 2669 2430   41 2596 1346 2321  902 1481  335 2898 2433  478 1328 1512 2254  608
 1773 1292  799 1525  798 2121  256 1415 2734  997 2410 1598 2211 1373  122  463 1731 1329  341 1838 1043 2319 2489  697 2612 2352 2648 1464   97 1061 1278 1928  505 2710 1799  688 2639  878 2080 1479 1562 2056 2454  812  169  452 1791 1961 1428  967  796  914 1396 2109
 1601 1559 2743 2196  844  734   29  807 2696  471  943 1747 1721 1025  763 2521 1361 2458  552 2446 1783 2479  450 1168 2633  497 2445 1580 2097  593  730  187 2135   58 2679 1794 1767 2613  747 1366 1333 2733 1136   81 1992 1009 1897 1005 2423 1078  627 2765  524 1138
 1999 1566 1441 2851 1662 1210 2263 2907 1699 2346 2483   61 1771  127 2852  982  260 1878  962 1587 1533 1130 1623  841 1516  225  458  961 2805  198 2464 1657  226  359  579 2707 1340 1955  443  735 1003 1048  487  569 2348 2879 1404 2603   87 1642 1338 2039 2342 2308
 1818  373 2465  903 2048 2345  587 1430 1456 1605 1719 1811 2724 2860 1060 2184 1752  250 2231 1663 1499 2293  252  208 2693  642  111  777 1462 1842  772 1546 1306  643  635 2344  815 2295 1087 1876  134  431 2660 1301  143 2176  853  461 2371 1563  655 2179 2906 2544
 1082 2114 2694 2173  886 2158  215 1636 1947 2288 1296 1890 1802 2448  310 2847 1784 1442 1972 1486  384  228  776 2844 1093  435 2592 2580 2174 1641 2031 1640  732  879 1287  197  760 1159   37  561  859 2520  281 1227 2516  414 2494  765 2087  584 2754 1293 1582  883
 1713   13 1313   28  294 1763 2804   59  644 2046  162 1182  467 1674 1256 2681  612 2687 2815 1074  710 1815  602 2863 1381 2779 1589 1124  274  937 2253 1022 2397 1647 2591 1070 1739 1779  580 1402 1391  526 2642 2131 2088 1821 2899 1231 1919 2589 1116  469 1967  129
 2864 2772  725  904  829  791 2473   18 2265 2006  548 1612  819 2336 2218 1169 1241  557 2379 2198  174 1959 1040  243 1148 2117 2055  788 2260 1871  832  861 1024 1552 2036 2266  713 2807 1156  869 1926 1027  340 2821 2314   17 2686  941 1065 2016  353 1506  615 2637
 1163 1248  543 2027 1585 1829 1126  307  577 2362  231 2155 1880 2556  738 1595 1954 1445 1045 2089 2382  182 1362 2019 2203  538  625  922  945  514 2285 1455 2145 2800 1755  370 1935 2510  358 2695 2878 1438  846 1884 1672 2895  190  985  592 1181  825  896 2888 1134
 1685  599  167  623 2469 1487  212 2570 1433 1668 1542 1753 2296 1646   30 1378 1659   49 1046 2658  125  800 2268 1864 1012 2910 1835 2911  503 2829  931 1201  409 1576 1232 1682 2381  239 1982 2354 1974 1322  220 2559 1200 2767 1408 2195 2912  301   35 1112 1000 1740
  447  440 2866 2809 1246 2511  368 1180  692 2118 2627  965  159 1839 1321   56   52  858 2212 2283  719  123 1017 2303 2037   70 1179 1980 1615 1724 2256 2361  322 1289  164 2873 2116 1097 1995  118 2672  639 2597 2435 1312  581 2822 2747 1715  674 1023 2441 1800  894
  110 2530  155 2161 2826  634 1272 1348 1002 2548 1447 2177  544 2053  483   68   36  617 2251 2304 1823   93 1399 2437  446  144 2705 2407  157  406 1230 1220 2636 2503 2350 2916 1888 1847 1762 1846 2278 2756 2084 1849   78  334  563 1337 2558  855  589  646 1517 2534
   84  960 2453 2840  567 2393 2373  391  687 1422 1680 2604  374  991  802 2095 2498 2429 2099  568 2691  328 2146 1059 2813 1520  714 1819 2286  753  616 2033  874 2902 1729   44 1741  425 1476  128 2226 2663 1171 2409  518 1218 1424 1810 2272  464  984  272 2083  838
  966 2305 2674 1147 1125 1158 1912  523 1523 1495  120  262 2119 2563 2704  871 2680 2156  238 2452 1718 2470 1113  668 2234 1110  297  919 2615 2153 1521 1423 2250 1925 2320 1745  325  978 1508 2292   11 1356 1144  795 1900 1899 1519 2108 1135  843 1216  513 1427  316
 1260  141 1651   95 1658  975 1379  868 1461 2502 1274 2573 2801 1390  172  377 2783 2797  638 2442 1502 2115 1524  178 2512 1698 2487 1583 1893  366 1991  331 2057  724 1067 2149  950  715 1555 2914  647 2451 2298 1813  573 2418 1911  148  671  401  192 2189 2854  645
 1079 2793 2372 1787 2806 1228 1570 2711 2649  288 1414 1178  267 2043  726  379  318 2450 2462 1225 2241 2369 2394  348  779  924  778 1226   53 1543 1943   74 1866 1139 1656  517  201 2868 2634 1687 1121 2524  255  504 1950 2100 1831  939  928 1198   27 2682 1388 2327
 2389  685  780 2200  900  813 1242 2340 2138 1393 2277   31  402 1836 1578  820 2569 1769 1683 2897  303    7 2535 1853 1996 1622 1450 1865  723 2768  479 2484 2832 2008  981 1746   96 1898  565  304 1944  107  748 2264 1895 2123 2310  512  932  721  675 1541 1269 2461
  246 1094 1990 2774 2133 1363 2332 2316 1249 2867 1626  522 2605   32  257  969 2786 1611  664 1004  834  660 2049 1942  235 1975   86  230  376 2883 1557 2190 1460 1247 1529  986 1549 2141  586 1892  833  214 2481 1949  906 1564  400 1814 2495 2678 2017 1358  852 2351
 1984 2328 1360  333 2164  511 2688 1770 1986  559 1915  287  938 2021 1869 1507 2659  560 1015  113  175 1350 1850  839 1531  472 2078 1344 1217 1170 2662 2400 1976 2726 2600 2853  959  525  595  711 2882 1965  292 1540  666 1102 2329  441  792 1291 2896  433 2788  742
 1013 1968 1629 2455 1389  248 2610 1620  488 2229  652  935 1491 1924 1941 2751 1128 2892 1701  321 1927 2787 2532 1722 2333 2831 2001  299 1150 1099 1777 1827 2058  153   63 1215 1204    2 1730  495  926  749 2159   40 2562  315 1592 1342 1494 1155 1932 2641  494  768
 2616  327 1660 1624   71 1862  695 1694 2221  179   20 1837 1083 2022 2491  185 1401 2713 2745 1621 2391 2856 1277 1359  881  200  434 1692 2723 1887 2175 1084  709 2881 2736  375   34  131 1820 1501  108  706 1903 1553   22 1286  356 2560  139 2884 2905 1191 2042 2891
 2132 2500  864 2818  100 2026 1351  138 2162 1465 2728 2050 1382 1870   69 1383  650 1367  684 1132 2539 1654 2032 2735 2257  168 2628 1123  783  870 1702 2619  770  934 1420  222 2571  703   55 2154 1896  289 1080  360 1638 1993 2808 1586 1018  895  570 2018 1845 1953
 2584  851 1952  290 2210  408  842  968 2731  302 1931  430 1922  686  534 2306  556  507 2041 1014 1857 2105   90   38 1962 1028  173  314  626 1190 2072 2387 1958   42  152 2128 1789 2258   19 2880 2315 2406 2862 2833 2845  284 1854 1032 1697 2020 2518 2886 2456  618