 1515 1794 1190 2661  291 1769  227 2198  867 1292 1981  873  105 2529 1547 1192 2434  404 1028 2788  531 1581 1566  331 2471 2891 2014 1145 2966  662 2516  582 2635 2907  763 1957 2458 2866 2245 1140 1905 1005  384 2005  290  843  552  406  198 1702 2979  815 1944  478 2797
 2016 2836  863 1356 1712  104 2609 1283  516  546 2558 1317 2621 2902  625 2491 2154 1335 1084 2207  654 1760 2594 2270 1831  450 1433 2279 2242  528  730 2361  721 1370   45  624 1621 1685  732 1401 2185 1764  717  196  249 1241 2106 1454 2359 2784  185   54 2193 2651 2611
 2920  747  314 2493 2048 1676 2977  617  888 1338  579 2522 1107  402  590 2648 1371  155 2060  822   52 2798  439   70  333  510  909  315 2806 2894  438 1077 2622 2889 1194 2868 2054 1753 1950  908 1349 1867 2597  209 1919 2455  808 2190 1193 2216 1546 2249 1463 1188 2813
 1456 2306 2605  723 2120  849  316 1259  933  506  627 1941 2297 1655 2693 1276 2330  877  513  254   58 1926 2973 1677 1595 2443 2353 1410 2903 2667  991  194 1810   82 1004 2886  330 2012  138  360 2097 1806 1829  294  950 2658  132 2433 2835 2846  119 2033 2589 2183 1063
 2837  157 2922 2901 1720 2883 3000  568  503 2560  639 2933 1888 2032  649  326 1706 2346 1031 2429 1507 2569  982  940 1726 2963  366 1072 2083  615 2416 2887 2260 1632  620  586  251 2849 2248 1421  986 1809  887  609  792 1123  372 1524 1978  459 1713  393   41  985 1521
 1157  162  720   59 1727 2939 2356 2062 2470    2 1745 2401 1131 1078  718 1554 2318 2773 2009 2213   79  597  561  532 2340  464 1618  740 2022  634 1419 1529 1636 1596 2267 2938  232  289 2171 1568 2163   25 1986 3004 2376 2067  344 2505 1149 1695 2201 1933 3014  636 1291
  197  963 2167 1854  207 2629  123   95 1694 1154 2482  608 1506 1043 1060 2100 2986 1853 2762 1298  776  494 2321 2222 2066  948  145 2587  616 1537 2853 1347  549 2707 2250  114  911 2286  841 1599 2586 2329 2747 2824 1619 2351  942 1206 1132  788  318 2020 2469 1891   43
 2831  325 2510  310 2283 1754   78  319 2771 1856 1148  497  352 1289 1352  295  401  962 1911 2025 2616  588 1657 2483  527 1474 1163  600  584 2452 1384 2957 2981  122 2687  181 1736 2177  777  851 2555  979 1238 2712 2308 2958 2553  297 1468 1842  475 2761 1592 2739 1472
 2940  879 1953 1329  305  246   30 2086 2669 1374  433 1572 1297 2162  397 1644 2387 1964 2666 1050 2764  907 2704  754 2002 1653 1846  733 1661  365 2146 2181 2628 2921 1607 1502 1666 2061 1442 2148 1415  337 1089 2326  250   97  947  354  729 2552  865 2422 2794 1896   68
 2411 1970  300 1687 2428  264  557 2845 2544 2315 1036 1197  109 2690 1597 1396 2276 1460 2368  637  533 1516 2726 1863 1478  922 1492  923  853  765 1236  835 2598 1874 1144 1796  690  818 2264 2906 1042 2721  760 1040  899   99 1362 1934 2392 2860 2888 1668 1214  349  668
 2954 1112 1161 1095 2644 2905 2872  517 2795 3013  218  165 1844  409  565 1049 2196  931 2514 1487 3016 1012 2583 1629  977 2656 1665 1604 2155 2547  463 2072  405 2919 2028 1582  705 2151 1265  509   84   90 2869 1058 1173 1047 1851 1061  395  703 1221 1994 1434 1785   61
  151  519  156 1425  391 1231 2810 2137 1812 2989 2451 2186  735 1917 2604 2430  242 1260 1643 1556  577 1651   21 2793  210 1738  524 2236 2779 2679 1000  548  633  260  762  736 3009  734 2122 1286 2461 1186 1059 2212 1830 2519 1068  756  128 2893 1747 2442 2675 1565 1731
 2574 1375  219 2689 1816 2960 2617 2479  239 2858 2743 2518 1153  440 1756 1104 2288 1947  488 2133  939 2537 2676  357  288  484 2842 1956  949 2378 2093  379  567 1828 1201 2417  426 1610 2333 2295   64 2724 2052 1683  928 1391  596 1191   27 1729  115 1039 2104  149  472
 2172  936  163 1218 2269 2861 2348 1017 1156 2978 1178 2234 2144  560  710   51  796 1080  674 2931 1855 1305 1749 2347  784 2987  748  381  980   98  442 2976 2854  321 2202   40 1052  451  220 2638 1053 1864 1151 1245 2980 2639 2487 1923 2714 1037 2501  507 1466 2108 1634
 1363 2280  802 2021 2058  810 2085 1574  957  477  292 2217   15 1966 2215 1878 2742  694  955  427 2019  820 2256 2011 1682 2694 2524  380  176 2729  243 1048   83  345 3011 2962 1723 1379  648 1530 2631  860 1540  340 2625 1006 2571 2410 2465 1907  492 2936  512 1927  902
 1741  789 1608 1103 2317 1211 1614 2602 1849 2710  780  373 2265 1737  329 2603  708 2105 2928 1881 2251 2941   53  495 1792 2244 2421 1021 2319 1348  559 2630 1983 1243 1185 1029  474  100 1018  193 1894 1587   39 2209 2899  480  572 1562  785 2450 2435 2068  542 1937 1204
 1719 2682 1928 2796 1514 1989 2713  598 2373 1092 2309 1116 1703 1125 2271 1752 2562 2565 1328 2375 1098 2567  952 2738  367  621 1309  731 2102 1279 2668 2437  919  719   23 1971  587 2767  436  493   37   26  144  927 1559   34  679 1931 2703  415 1451 2588  640 2364 2423
 2506   38  594  878 2995 2662  664 1861  973 1416 1535 2147 2733 2468   94 1378  275  693 1902 2972  871  563 1205 1826 2934  177 1649 1248  339 2110 2159 1235 2477 1311 2384  707 2946  823 1369  413  102  431 1494 2815  966 2948 2191  172 2811 1176 2038  782 2950  447 2362
 1033 2967 1681 1254 1786 2051 1437  183  914  791  448 2782 2071  414 1903  869  272 2134 2166   55 2425 1041 2200  255 2720  135 2015 2916 1003  444 1275 2391  168 1327 1342 1841 2153 1127 1511 3022 1943  124  355 1200 3025 1491 2039 2736 2634 1101 1220 2512 2614  684 1015
  271 2988 2844  500  283 1930 1170  452 1835 1613 2225 3002  312 2139 2914 1346 1199 1457  790  671 1290  481 2157 2395 2489 2246 2438 2515   92 2004 2121 3017 1718 2719  457 1590 1525  108   60 3018  570 1320 1461 1671 1340  799  502  184 1256 1467 1583  786  143 2912 2840
 1232  889 2752 2057 2985 1542  274   28  412  323 2313 1139 2481  626 1940 1177  946 2692 1626 1365 1490  120  632 2917 1076 1469 1617  394 1133 1436 2932  541  934 2112 2775  276 1011 1120  812 2206 1725 1973 1203 1233 2756 2732 1898 1252 2955 2305 1609  348  930 3010 1484
 1272 1795 2809 2098  896  974  876 1330 2532   93 2432 1630 1528  304 2257 1997 2870 2749  750 1732  392 2579 2472 2927 2564 2657  994 1302 1402 1230  361 1510 1400  279  200  961 2059 1768  204  605 2300  826  898  981 1766 1394 2534 2500  976   89 2252 2873 1549  592  895
  569 2974 1023   32  107 2942 1075 2947 1775 2716 1822  983  803 2700  725 1293 1067 1904 1873 3001 2352 2312  476 1909 2998 1212 2293  399 1051 1965 1771  775 1113  857 2030 2550   77 1001 2131 2983 2087 1660 1870  458  523  483 2607 1744 1883  828  189 1945  171 1570  611
  277 1509 2404  864  317  248 1427  669  861  110 2619 1129 2624 1057 2158 2670 1803 2924 1693 1056  884  862  324 2228 2566  112 2063  882 2439 2345 1341   17 1948  706 1640 1733 2223 2456 2494 1938 2449 1020 2337 1519 1219   42 1534 1345 1032 1980 1450  589 2419 2366 2294
  534 1577 2221 1227 2549 2047  419 1991 2115 1440 2929 2717  834 1552  658 1404  770  508  311 1344 2056 1735   47 2036 2046 2943 1167 2156 2399 2610 3019 1495 1237 2684  692 1386 1951 1913 1688  287 1751 1229 2406 1739  136  175 2334 1586 1085 2126  643  676 1087 1069  479
 2043 2850 2982 1324  353 2923  167 2765  817 2474  322 1255 2463  870 1892 2445  161 1169 2008 1025  746  293  116 2230 2094 2655  677 1455   87  924 2557 2124 1635 1840  418 2010 2341 1393 2381 2990 1471 2925  203 1850  737  833  844  208 2663 2273 1208 1147  158 2394 1027
  916 2620 1625   49 2993 1295 1387  214  829  529 1921 1776 2111   75  644  696 2753 2528 2123 2878 2832 1929 2623  347  453  410  245 1852 2127 2360 1367 1743 3007  606 1376 2074  683  491   29  205 1009 2233 2951   44 1325 2994 1299 2000 1798 1767 2556  595 2397 2189 1337
 3020 1209  680  872  741  970 1789  280 3003 1815 2205 1689 2390  903 2711 2211  574 2135  566   88 2398  850 1187  343  886 1882  521 1489   81 1081 1700   50 1866 2820  753 1168 2659  221 2606 2150 2706 2975 2828 1355 2626 1504 1322   48   72 2970 2755  663  742 2681 1406
  226 2006  537   76 1799 1333 2540 2551 1561 1359 1545 2170 1699 1397  846  685 1126 2327 1294    1 2448 2781  852  449  571 1716  371 1860 2107  628 1414  929 1486 1462 1088 2702 2278 1698 1591 2160  926 1915 2678  420  411 2741 2826 2304 2823  675 1312 2478 2298 1351  388
 1109 2363 2834 2365 2592   56 1417 2176 1684 2040 1479 1313  269  308 1633  771    5 1314 1910 1781  346  364 1579 1961  550 1641 1646 2050 1496 1480 1880 2161 1096 1774  666 1164 2882 1721 2075 1503 2262   12 2231 2117 1877 1728 1326 2255  603 2409 1987  237 1273  699 2745
 1823   24  466 2759 1817 1179 3024  613  211 2065 1750  715 2073 1198  270  807 2457 2769  612  681  941 1628 2727 2118 1659 2197  937 1217  423  691 1090 2287 1044  554 2671 1395 2744 2174 2525  356  682 2725  801  702 1550  520 2563 1413 1924 2017 1918 2536  891 2024 2258
 1207 1544  282 2543 2683  935  996 1146 1184 2538 1976  139 2182  238 1872  998 1073 1901  544 1318 3008 2498 1670 2748 1250  434 2130 1310 2731 1189 1383  173  819 2210  992  303 2937 2817  228  995 2715 2926  244 1862 2179   20  989  125  514 1708 2554 2561 2952 1399 1343
    4 2042  127 3023  306 2446 2734 1354  504 2414 1082  629 2495 1740 2168 2070 1065 1523 2285 1967  307 1444  951 1143  234  901 2875 2259  726 1631  278 2863 1887 1488  545 2580  655 2530 1995 1857 1183  811 2572  885 1714 1805 2568  437 2310 1612  798 1979  511  526 2377
  225 1381 2601 1541 2968  972  787 1166 2415 1431 2343 2896 1334 1584 2467  152   33 2804 1499 1960 2576  905  806  396  795 1787  910 2859  704  313  390 2284 2660   62    6  767  443 1372  130 3006 1638  454  103 2802 2475 1811 3021 1914  738 1117 2533 2696  766 2997 2420
 2766 1262  897  147  281 1141 2078 1680 1555 2876 2302  403   74 2559  473 2984    7 2774 1778 2444 2688 1008 1782  386 1563 1573 1271 1520 1202  408  327 2645 1175  368 2909 1533 2486  106 2517 1993 1222  126  299 1990 1429  772  917 2760 2349  749 2164 2897 1832  904 2864
  607  186 2355 2652 2379   14 2424 2274  341 1818 1288 1392 1094 2895 2453  141  113  840  964 2584 2335   85 2855  387 2646  195 2879 2520  585 2109 2956  774   66  118 1517  858  540 1409 2776 2686 1106 2913  660 2344  932 2829 2460 2786  975  779 1038  385 1639 1432 1827
 1669  630 2944 2055 2542 1746  783 2511 2001 1825   16  429 1443 2184 2116 1377 1800 1261  351  880 1171 1601 2386 1411  701 2789 2507 1848  580  893  206  265  400 2173  875 1513 2031 1181 1244 2454 2750 2698 1119  599 2331 1130 2027 2076 1518  199 2081 2092 2612  581  610
 1264 2615 2199  233  498 2324 2328   71  154 1323 2380  465 1814 2018  987 1258 2502  814 1380 2138  169 2208 2342 1942  831  133 1705 2291 2857 2350 2585  945  201 1128 1984 1797 2403  336 2132  848 1364 2772 1637 1079 1664  501  482 2633 1707 1007 2637 2311  216 2079 1174
 2152  547  900 1696 2595 1281 2847 1019  727 2299  781 2388  398 2513  906 2856  505  148 2180  984 1748  538  757 1339  257 2904 1136 1315 1627 1482 2816 2695 1946  593 1470 2728 1571 1532 2232 1656 1115 2413 2227 1804 1620 1954  988   69 1820 1118  653  284 1010 1246 2830
 1730 2240 1035   11 2187 1602  328  462 2777 2548  659 1449 1070 1418 2708 1845 1949  562 1086 1813 2254 2526 2393   86 2581 2464  647  764 1663  956  555 1071  192 2918 1833 2499 1598 2523 2204 1332 2142 1505 2405 1678 1654 2965 2253    8 1105 2149  424  241  428 1717    3
  623 1002  575 2504 2229 1780 1321 2800  222 1142 1603 2323 1160 2599 1992  268 2289  285 2650  745 1553 2808 2851 1306  809  468  389 1834 1022 1234 2303  121 1801  202  301 2867  435  556  153 1560 2089 2546 2527 2119 2885 1196 1162 2114 1475 1936 2763 1390 1963  656 1709
  362 2369 2266  728  182  619 1807 1282 2754  180 1405 1858 2338  635 1838 2013 1182  417 1777  229 2503 2790 3012 1758 1403  591 1091 1428 2476 2881  111 2290 2996  866 2371 1761 2385  166 2570 1083  377 2884 3005 2877 1497 1422 1724 1658 1408  467  968  486 1242  187  240
 2577 2890 1662 1357  672  912  178  455 2701  758  551 1353 2247  212 1026  960 1284 2178 1876  231 2370 2964  722 1412 1779 1893  407 2852 2578 2508 2723 2194   57 1690 1952   67 2101 1296 1551  302 1912  638 2718  954 2535 2103 1916  359 1493 1280 1755 1538  252 2825 1439
 2129 1839 2357 2237  755 1543 1274 1935 2643 1819 1616 1158 2787 2843 1304  499  262 1195 1508  614  921 1889 1585 1968 1045 1557   96 1500 1821 2654 2730 1711 1871 1790 1647 1137 1988 1985 1165 2226 2169   18  425  117  332 1977  892 1385  657 1034  847   91 2930 2839 1899
   63  320 2672  830 2145 1808 1445  761 1277  622 2665 2590 2165 1438 2195 2238 2699  213 2593 1588  576  432  378  713 2203 1093 2959 2192  773   10 2069 2722 1734 1884 1667  543 1270 2838 1447  258 2239 2803 2143 1373 1424  667 2113 2354 1464  768 1972 1319 1213   35 1240
  273 2241  856 2064 1435  160 2396 1686 2219  800 1030 1114 1016 2969  959 1266 2314 1672  839 1055 2488 2819  573 2383 2496 1013 2818 1645  752  470 1407 1473 2082 2814 1783 1389  689 1014 2480 1692  223 1046 1426 2282 2272  797 1868 2799 2077  261 2128   46 1476  583 1287
 1897  999  267 1536 1512   36 1859  129   13  142 1159  363 2431  842 1615 2339 2301  631 1366 2224 2613 1594 1249  714  460  944 2865 2673  645 2041  224 1522 1908 2805 1763 2243  140 1225  686 2792  918 2400 2141 2751 1652 2292 1263 2783  697 2992  652  604 2892 1770 2641
 2336 1600 1679 1300  969 2674  854 2582 2709  883  170  855  920 1110  759 2268 1155 2541  441  744 1869  164 1172 2484 2848  350 2757 2608 2591 1975 1121 1459   19 1485 1448 1307 2841   31 2627  650  445 1969 2908 1996  256 2003  769 1757 2296 2791  266 2945  286  191 1982
 2218 1138  967 2871  471  230 1303 2768 1224 1879 1622 2023 2263  678 2680 2320 1152  838 2091 1251 1481 2874 1024 2307 1180  953 2136 2084  881  641  376  536 2737 1527 2821  515 2418 2389 1210  190  965  217 1675  602 1453 2235 2035 2447 1772 1847 1223 1247  709  943 1578
 1886 2600  890 1526  375 2277  990 2497 1074 1134 2647 2466 2281 2575 2037  382 1788  416  958 2900  530  374  487  673  461 2691 1955  496 1999 1906 2426 1791  700  661 2827 2685 1548 1257  535 2367  793  134  836 2049  539  825 2492 2935 1580  522 2953 2095  993 1837  564
  665 1285 1762 1336 2412  724  743 2961 1773 1441 1611  174  101  925 2758  837 1539 2649 2175 2971 1593 2770 1958 1301 1642 2029 1099 2785 1331  651 2991  179 2822  845 2910 1382  695  298  794 1420 2740 1398  236  335  698 2080 2034  778  263 1802  518  490 2632 2949 1925
 1423  369 2402 1388  456 1269 1793 2746 2807   22  618 2915 1066 2833   73 2374 2440 3015 1998 1316 1558 1575  430 2999 1605 2026 1111  859 2044 1922  383 1932  485 2382  370  150 1062 2125 1623 1465  712 1122 1865 2521 1843 2898 1430 1216  553 1253 1135 2801 1054  578  805
 1765 1368 2407  253  827 1962 1498 2735  146 1228 1715 1691  832 1742 2053 2911 1226 1759 1278 1350 2596  751  235 2573 1704 1648 1674  642 1361 2275 2780 1836 1959 2332 1606 1567 1102 2642 1673  938 1097 2188 1308 2812 2090 1100  259  646 1267  215 1939   80  816 1108 1650
 1501  489  358 2531 1360 2045 1531 2664  978 1710  874  131 1477  711  813 1875 2462  469 1824 2325  688  804 1697 1268 2427 2214    9  558 1569  915  670  422 1589 2636 2436 2677  159 2705 2545 1624  338 2441 1064 2140  137 2099 1458 1576 2862 1239 1885 2653 1974 1124 2485
 2088 2618 1722 2778  913 1483 1920 1215 2459 2539 2358  894 1564 2007 2640 1446 1900  296  188  421  824  687 2490   65 2220  971 1784  525 2322 2316  821  997 2096 1452 2697  601 2261 2880 2372  739 2473  446  868  247 1701  342  334  716 1150  309 1358 1895 2509 1890 2408