 2215 1942  163 1250 1478  847  372  786 1501 1396 2125 1334 2394 3021  654 3062 2812 1231  194  419  354 1845 1235 2639 1201  957  661  739 2002 2196 1338 1468 2831  834  904 1552 1638 2674  730  924  103 2469 2386 3060 2474 2164 1881 1005  461 2694 1096 2246 1486  992 2754 2647
  210 2827 2582 2930 1356 2120 1768  130  112  888 1861  865 2260 2425 1249 2439 2760 3127 1163 2123 1331 1711 1695 1203  633   93 2628 3037 2613 2106  998 1697 1286 1236  601 2901 2269  539  425  936 1700 1179 2795 1681  452 1383   48 1372 2007 1847 2779 1270  340  379 3136  335
  316  321  674 1837  916   44  881 2863  329  979  864 2777 2363 1929 1901 1602 2937 2769  953 2757 1782  619  754  743  627 1428 1950 1821 1678 3018 1414 2564 1515  232 2686 2857 1725 1100  805 2072 2390  489  230 1040 3079 2388 1408 2867 1949 1713  497 2658 2049 1721  947 1009
 1060  391 2117 2166  590 2364 1722 1854 2689 2432 1666 3099  324 1238 2045 2664 2188 3066  213  857 1295 1069 1229 2780 2491 1205 2406   51 2900  257 1749 1391 1871 1220  470  876 1304 1219 2759 1687    5 2815    1 3013 2587  473  926 1111 2000 2221 1961  528  410  128 2427 2256
 2134 1343 1369 2220 2321  463  751  281 2031 1432 2299 1418 2142 2273 2004 2681  173 2250   59  845  803 1366  447 1780  339  164 2748 1894 3111 1246  780 3000 1633 2167 1599  333 1947 2380  332 1512 1492 1992 2533 2076 1807 1358 1709  115 1531  360 3049 1770 2911  672 1731 2660
 2538 1064 1910  465 1114  740 1416  678 1053 3109 1958 1892 1594  238   90  607  350  626  985  614 2206 2374 1971 1082 2297 2101  370 1093 1574 1586 3014  523 2198 1081 2159 2488  716 2834 2404 2360  767 1315  168 1766 2013 2173 2304  702 2708 2485 1363 2987 1979 2965 1115 1554
 2105 1353 1208 2644 2311  122 2915 3096 1504 2454 2963 1426 2523  120 2372 2793 1988 1327   26 1804  729 2536 2851  956 2983 1043 1436  605 2752 1590 2264 1897  812 2107 1284 2139 1609  217 1458 2352  241 1099  943  261 1668 1145  584 1365  220 1232   63 1169 1789 1729  628 3026
 1652 1518  129 2667 1488 2728 1944  216  717 2836 2641 1239 1667  778 2775   98  698  413 2605 1956  942 1276 1674  829  602  295 1707  660 1137   20 2209 2285 1794 2435 2914  686 1815 1497 1978 2661 1798 2951 3002  838  107  599 2161 1538 2649 1591 2616 1655  390  575 2542 2643
 2865 1661 1017 2977  485  371  742  769 1849 1805  409 1056 2353  583 1735 1159 2717 3039 2100 3031 2103 2200  226  907 2932 1673   52  737 2576 2610 1694 1732 2361  421  152  287 1624  863 3067  552   66 1753  387 3103 1598 1269 1935 3112 1677 2821 1385  180 1339 2618 1553 1548
 1584 2663 1995 2379 2739  761 1960  149 2747 1394 2033  902 1741 2944  707  693 2487 2067 1617 1843  301  655  709   34 2436  110 1751 1266  105 2838  620 1367 2617 1349 1019 1990 2990 2774 2672 2278 1217 2936  662 2358 2481 1103 2110 1027  294  797  795 2960 2545  837  398   30
 3058  199 1444  677 1257 1126 1916 2601 1213 2886 2303  978 2879 2881   84 1664 3080 1875 1844 2213 1860 2327 1199 2148 1806  233 2565 1305 1102 2233  585  669 1260 1176 1345 1472   15  546 2008  772 1656  403 1791 1267 1564 2943  592 2823  759  827 3038  817 1144 2334 2913  161
 2566 3097 2451 1475 1579  966 3032  905 1241  259  363  359  828 2228 2168 2143  483  718  355 1581 2892 2437 2706 1761 2805 1059  121 2974 2433 1998 2675 3017  191 1810 1397  420 2753 2758  814   10   95 1490  823 2859 2476 2108 1046 1380 3061  319 2229  442  711  263  967 1739
  648 2047 2626   67  600 3028 1723 3093 1191  531 2032 1332  255 1072 2204 2818 2398 2375  127 1786 1061 2392  417 1263 1431 2514  682  330  101 2835  540 2060 1533 2726 1842  276 1456 2614 1041 1460 2354 1908  765 2925  265 1374 1120 1859 2912  543  188 1381 2619 1379 2783 2934
 2265 2889 1870 2635 2503  634 2223 1730 2606  647  214  245 2550 1360  252  642  171  639 2657 1708  170 1318 2560 1535 2021 1042  126 3030 2874 2677  748 2081  389 2766  835 1268  774 2950 1659 1532 2554  636 1727   24 2455 1991 2068 1820 2055 1658   72 2025 2509 2162 1116  169
 1202  804 3004 1068  533 2751 2424  553  185 2063 2113 1452 1890 1422 2314  109  997 2703  596  308 1575 1987 2853 1359  819 2219 1451 2169  118  157 2083 2698 2966 2992 1307 1162  388 1699 1067 2464 1435 3047 1966 2921 1077 1528 1690 2294 1164 1981  692  392 2275 1502  785 1063
 1026  507 1682  580 2709 2621 1157  830 2395  451 1008 2094 2612 2331 1015 1370 1487  414 2504 1178 1545  292  454 1413 2482  613  653 2750 2624 1105 1132 2489  307  331 2577 3100 1247 2906 2998 2833 2333  987  203  991 1516 2150 2248  935 2128 1425 2121   19  566 1635 1790 2967
 2426 2237 2129 1529 2607 2568 2109  556   78 2231 2842   42  548  706 1524   75  909 2896 2519  791 1517 1243  400 2313 3063 2972  899 2061  156  196 2968 1905 2381 1088  219 2217 2948 1540  577 1113 1571 1882 1078 1498  309 2810  939  119 2971 2969 2185 1214 1775 2298 1109   11
   21 2625  965  357 1827 1701 1131   87 2553 1629 1734 1014  950 1648   18 2845 2727 2591 1058 1335 1055 1984  361  807 2126 2497 2852 2027 1983 1641 2287 2527 1938   14 2009 2262  364 2595 3107 2543 1537   61 3052  418 2847  594 1188 2548  524  467 1653 2926  725  801 1216 1484
 2403 1647 2440  141 2190 2308 1443 2378  498  484 2277  179 1289 2235 2458  227 2028 1420  205 2089 1437 2659 1148  445  749  150 1401 2521 2952  495  861 3072 2720 1764 2584 1002 2499 2270  262  446 2532 1255 2593 1605 2512 3076 1141 3040  542  296 1509 1189   88  930 1321 2431
 1632  818 1071 1873  579  746  641 2931 2905 2322 2349 2784  650 2529 1079 2405 1337  849 3046  496 2688  608 1640 1767  615 2430 2415 2814 2064 1909  433  148  940 2401 2127  811 1726  984  209 2218 1985 1449  298 2350 1024 1926 1092  529 2174 2475  380 2377 2365 2251 1136   36
   82  373 1361 2284 1170 1913 3055  293 1778  358  124 2993 1352  572 1104 1389 2144  683 1570 2036 2096 2447 2919 1779  968 2293  521  938   80 1000 1395 1814 2854 1541 2282  285 2958 2559 1101 2054  900 1466 2411  494 2878  474 2715 2368 1872  929 2695 1969  871 2244 2328  704
  782 2034  466 2192 1625 2152 1921 2955 1354 1953 2306  325 2274  266 2573 2444  617 1152  311 1631  990  290 2266 2691 2397 1834 1479 1864  288 2263  975 2670 2596 2903 1086  980 2556 3087  684 2816 1830 2895 1925  901  356  147 1035  622 1262  541 1062  673 2684 1248  200 2407
 2391  486 1558  581 2112 2634 1940  426 2631  822 2567 1510 2175 2412 2811  386 2655  264 2856  569 1057  273 2065   28 1507 1384 1620 1251 2761 2479 2862  204 2615  132 2238 2500  652  231 1573 2337  202 1850 2133 2078 2685 2300 1829  530  813 1190 2062 1754  753 2988  131  983
 2682 2348 2330 1272 2518  225 1615 1446 1891 1282 1299  820 1523 1453 2551  320 2443  897 1039 2015 2883 3005 2041 2725 2984 2897 2413 2916  734 2719  334 1223 1852  954 2637  343 2789 1382 2844  378 2541 1542 1931 1427 2239  475  222 1403   47  588  396    6  895  247  757 1098
  848 2648 1585 2075  178 2211  405 1744 3083 1561 1253 2764 2976  657 2044  671 2409 1698 1536  197   46 2461 1838 1021 1737 2924  891 1743 2673 2890 2839  186  853 2985 2022 2252  604    2  689 2026  471 1696  809 2583 2118 1772 1835 2942  666 2807 1119   17 2961  212  317  286
 1029 2050 3123 1903  832 2366 1559 2001  854 2723 1344 1004  469  520 1022 1225 1439 2341  960 2986 2020 2245 3008 2187 1957 1499 2153 1511  732 2962  375 1600  735  713 2535   73   54 3117 2369 2495  249   64 2258  345  971 2114 2234 1774  193   74 1012 1493 3019 2701  670 2575
 3102  712 1244  903  867 2038  955 1011 1194  136 2801 1563 1110  793  851 3043  995 1672 2224 1866 2884 1010  564 1757   62 2179 1833 2620 1724 1158 2180 1234 1044 1675  154  351 2796 1982 1758  744 2782 1676 2335  996 3025 1716 1824 2480 2578  145 1924 1471  708  651 2773 1963
  760  911  428  510 2580  728  724 2414 1371 1494 1689 1801  885 2530  244  884  338 2633 1857 2084 1679 2023   94 2189 1914 1097 1074 3024  852  139 3110    4 1954 2286 1419 2843  777 2382 1172 1718 2468  522 1816 2338   85 2511 2822 2029  603 2893 2721  808  278 2225 2947 2155
 2585 1795 1496 1841 2830 1195 1066 1342 1398   71 3001 2130  159 1883 2996  721  269   76 2510 1065 2991 2640 2288 1254 1596 2205  640 2402 2171 2873  526 2040  195 2841 2786  894 1787 1411 1762 1171  974 1182 2629 2704 1417  883  368  407 1603 1278  440 1783  722 1601 1294 1649
  928 1514 1669 2268  598 2787  443 2902 2071 2019  982 2820 1728  283 1705 2696 1800  234 2819 2459  184 2343 1433 1686  946  892 2776  518 1972   99 1070 1952  111 2630  327 3105 1211 1051 3054   12 1198 2463 1912 2208  841  951 1765 2579  862 2138 2140 1855  758 1627  969 1473
  299  208 2885 2046 1946  215 2340 3126 2866 2119  715 1977   55 2861  135 1037  381  448 1607  697 2513  794 2389  303 1032 1117  994 1819 3092  514 2846 2177 1704 2975  506   68 1495  690  766  887 2876 3108 1083 3068 2907  606  228  192 3048  931 2808  645 3082 1387 2927 2296
 1808 1887 2302 2085 1392 1851 1797 3012 1210 2945 2146 1937 2226 1090 2035 2157 2003  927 2446 1522 1291 1989 1862  512  240 3128 2957  229  723  143 2571 2693  824 3029 2292 3071 1095 2441  944 1578 2526 1593  146  404 1412   35 2122  802  253 2929   96  248 2241   97   89  453
  138  593 2982 2124 3094 1813 1020 1424 1746 2954  537 1665 1519 2520  491 2290  788  771   13 3057 2794 1173  762 3124   79 3065 1650 2135  910 1180  787 1130  763 2195  513 2339 1480  667  260  937 3135  437 2522  609 2056 2095 2325 1994 1463 1888 1313 3077 1639 1526  527 1748
 1717 2421 1309 1230  102 2291 1147 1885  659  816 3113 1996 2039 2627 1560  562  638 2154  167 1543  323 2524 1733  643  106 2882 2887 2069  116 1714 2506 1325 1023 1919 1049 2603 2908  914 2730  408  504   70 2894 2745 1565 2656 2540 1404  155 1643 1796 1222 1252 1828 2326  878
 1094 2420 3011  710  201  383 1823  123  250   32  267 1491 2622  190 2342 2478 2917 2165 3059 2347   31 1393 2716  676  538 2699 2271 1336 1048 1630 3116 1592  681 1530 2562 2888  731 1968 2408  493  242  825 1848   22  550 1457 1896 2762  898  505 2642 2305 2785 1856 2909 2102
 1156 1409 1467 2860 2798  384  435 2792  571   38  189 3081 1917  842  176  873 2877 2768 2938  893 1271  365 1400 1863 1350 2309 1840 1310   33  481 2052 1642 2477  300 2765 2115 2804  181  741 1945 1685  831 1448  304 1407 2829 2636  397 2742 2870 2279 1874  896 3051 1317 1562
 2970 1802  959 1759 1434 2680 2525 1200 1898 1259  183 2442 2771 1302 1281  591 2030 1174 2201 2486  637 1474 2552 1328 3119  699 2781  815  879 2623  781  415 1745  536  162  342   45 2457 3053 2172 2295  963  784  412  776 2057  274 1663 2850 1742 2357 1572  630 2400  624 2875
  545 1756 2918 1052 1441 1865 2712 2871  310  917  382 1879 1378 2090  402 2393 2184 2690 1706 2214 2456 1306 3010 1628 1489 1076 1406 1622  952 2202 2079 2310 1505 1612  449  635  920 1792 2849  789   50 2928 1386  487  563 1322  477  315 1876 2017 1476 2722 2417 1311 2462  235
 1771 1228   57 2345 1715 1399   25 2346 2473 2732  958 2507 1186 2697 2319 1895 2494  464 2880 2450 1089  570 1799 2718  346 1784 1376  877 1750 2048 1902  977 1301  515 1513 2964 2385 2940 1464 1233 1013  432 3006  117  810  509 2043 1341  395 2236 1001  439  434 3132 2592  844
 1296  306 2272 1375 1788  696 1569  297 2599 1455  366 1108 1025 1869 1323  695 1192  438 2194 1150 2731 1314 2653 1273 1185 2666  783 1045 2598  798 1153 2539 1280 1034 1551 2864   23  460 2387 1809  165 2098 2549  137 1143 2949 1965 2227 2746  986 2632 2484 1613 2498 2399 2086
  534 2646   58  880  932 1654 3085 2517   27 1755 1140  377   29  430 3125  750  277 2837 1525  399 1075 1634 1763 1941 1680  875 1348  401 2973 1054 1583 2855 2371 3069 1626  500 1576 1445 1550  353 3023 3036  174 1470 2594  796  113 2735 2257 2609 1769 1556 2941 2091 1964 2059
 1221 1346 2999 1485 1207 1030 2178 1018  886 1684  427 2332  908 1450 3131 3045  221 1889 1168 1817 1274  559  589 1683 1166 2872 1085  237 1184 1330 2608 2452 3122 1087 2736 1465 2733 1154 3035 1893 2005  476  374 3034    8 1016 1138 1943  416 1390  314 1242 2104 1616 2416 2638
 1151  239 1606 1438 2016 2066  142  631 2740  972 1227 2611  719  567 1303 2755  664 2042 1006  456 2465 1597 2978 2472  736 1183 2429 2654 3104 2561 1500 1651 1298  251 1831 1670  480 2131  172 2797 1948 1930 1324 2170 2531  768 1760 2555  976 2316 1636 1521  352 1922  362 1454
 2714 1139  134  656 2799 2176 3121 3050 2318 2946 2088 2572 1580 3098 1215 1923 1312 1858 2317 1595 2445 1539 1555 1608  913 1326  236  685 1836  458 1546   92 1904  459  482  568 1351  104 1031 1320 2770 1818  925 2652 1477  587 1121 1218 2502  289 1568 1007 2828 2824  349 1832
  941  970 2344 1951 1589  869  551  773  291  268  836 2014  621 3074  855 1355 1740 1777 1196 3089  663 1534  516 2323 1657  444  406 2449 1939 2355 1959 1036 2182 2490 1899  313 2351 1933 2011 2997 1812 1822  872 2370 1520 1118 2460 1287 2994  679  727 2869 2668  623 1193 2261
 2899 1357  720  733 2191 1245  503  223 3027 2010 1967  565  890 1710  341 1588 3133 1447 1567 1442 2160  923  211 2006 2012   16 1160  429 1973 2199 1204  348  933  752 2422 1212 1886 1878  582 2749 1693 2935 1621  833 1155 1839 3088 2329  177 2671 2077 2496 2790 2053 1142 2324
 1279 2183 2410  688  625 1702 1974 2651 1410 1047 2910 2692 1240 1003  934 1773  175  422 2574 2434 2802  279 1619 2428 1209 1549 1187 2563  701 1781  318 2546  431  270 2922 1975 1181 1671 1415   83  436 3007 1038 2082 2259 2255 1237 2508 2024 2356  922 2586 1123  218 2676   53
  499 1073 1421 1932 2267 2186  393  336 1483 2283 2099  337 1265 1506 3020  502 2253 1918  424  945 2373 1429 2242 1915 2848  182  561  468 1134 2528  714  100 2858 1125 3091 3041 2534  206 2734 1976 2817 1167 1106  821 1175 3022 2396 1907  839 2423 2791 2197  367 1368  501  738
 2806 2702  949 1906 2149 3101 1128 2254  705 2466   69 2210 2920  441 1340  511 1527 2995 2141  860 2597 1297  455  668 3015  989 1623 2280 3130  457 2590 2418 1300  519 1226  850  558  326  385  322 2453 3090 2073 3078  870    7  665  999 2315 1440 1911 2772 1736  462  488 1292
  578 2515  108   91  866  649  792  961 3073 1997  144 2037 2665 2116 3106 1146  125 2547 2956  140 1934 3115  573 2203 2669 2544 2419  800  376 3129  450 1275  187 2923 1826 2904 1288  610 1577  658  490  882 2470 1161  207 2093 2710 1880 2156 2743  687  549 2788  302 3009 1637
  618 1999  256 3056 1469 2604 2738 1877 1993 2092 3033 2737 2602 1290 2249 1610 1405  272 2320 2074  868 1582 1283  846 1293 1503 1481 2207  479  224  166   41  328 2448   60 1884 1970 2080    3 2181 2493  595 2683  747  133 2767  646 1803 1091  347 2163 2980 1544 3003 1377 2243
  312 1124  770   43 2825  557 1423 2471   86 2558 1867  874 1080 2281 1508 2216 2933  282 1703 1319 2492 2744  153  912  726 3120  560 2307  799  840 2645 1308 2989 2800 1107 1033 1133  745 2276  675 2809 1347 2589  632 1604 3084 2581 1197 2383   37  616 1611 1692 1402 2367 2289
 2840  258 1129 1747  826 1316 1224 1122  629  806 2687    9  535 1868 2953 2803 1261 1364 1793 2505 2501 1112 2826 2232 1785 1646 2959 2713 3095  680 2832  973   65  411  369 2359  858  586  554 2700  532 1720   77 1557 2678 1206 1645  644 1660 1050 1547 2230 2136 2813 1482 1928
 2087 2240 2151 1712   49 2212 2111 2711 2158 1853  919  906 3042  160 2662  964  271 1333  756 1461 2384  198  525 2145 1980  423 3118 1177  158  694  597  555 2070 2301 3114 1264 2979  915 2058  508 3070  305 2051 2362 1277 1135 1362 1149 2097 2891  243  755 1165 2438 1936 2679
 2741 2147  775 2778 1430 1258 2570  576 2650 1285 2336  988  612 2724  790 2483 2588  889 1587  547  151 2898 1688 1459 2312 2018 3064  284  394 1256  993  921 3016  344  918 2222  544  779  492 2763 2705 2868  764  472 2247   39 1614  517 1776 2516 3086 2729  246   56 3075  856
 2707 3044 1738 1388 2193 2376 2557 2569 2756 1900 1811  275 1927  700  691 1566  611 1920 1084 1752   40  859 2939 1846 1825 1719  981  254 1618 1662  280  948 1127 2132 1329  962 2537 2600 2981 3134  843   81 2467 1962 1986 1691 1955 1373 1462 1028 2137  114  703 1644  574  478