 1398 2844 2265 1367 1629  824 1003  528 2321 1704 1074 2334 2987 1838 2641  492 2245 1974  291  988  596 2009 1850 1318 1363  364 1528 2233 1683  781 3049 3237 1238 1177  211 2682  447 2890 2736 1509 2557  820 2716 1283 1234 2796  912 1612  691 1513 1972 2328   80 2731  839  329 2564
 2864 1460 2374  241 1108  836 2728 3133 1299 2919 2589 2276 2746  419  339 2498 1073  218 3085 1375 2379 1428 3170 3198 1595  807 1514 1804 2838 2738 1853 1602 2472 1801  628 1785 1715 1672 1476 1643 1281 2977  156  185  200  829 3178 1164  861 2295  508 1336   97  545  462 2753  100
   33  262 3016 1386  354 2566  287 2725 2645 3032 1000 1366   35 1875 1900  223 2927 1534 1802 1809  897 1021 2066 3145 1655 3112 1111 1963  233  183 2992 1880 2106 1933 1741 2028 1085 2192 2540  547  927 2535  446 2903  445 2434 2656  204 1852 2759   99 1412 2862 2300 2963  429  192
 1288  889  497  151  256 3066 1770 1422 2780 3054 2348 2914 1526 2672  936 1034 1724 1731 1424 2542 2660  581 2668  206 1254 1648 2241 1670 2189 1734  568 3039  284  318 1959  864 1540  909 2741 1856  659  535 2652  779 2296 2046  543 1193 1470 1160 3182 1319 1296  605 3095 1596 3246
 2689  379  712 2139 1419  704 2828 3204  440 1250  326 1122 2703  283 2813  749 2555  152 1849 1082  915 2527  693 1529  842 3249 1368 2293  717  323 2346 1026  697 3127 3103  935  804 2448 1106 1067 3061 2685  280 1640 1055 3155  902 3047  806 1226 2271 3192 1093 2878 1146 1233 2442
  868 2426 3165 2302 1705 2493   15 2082  240 2230 2577 2093 3060  619 2284 1025 2832 2466 3220 2049  817  795  384 3231 1918 1174 2476 3075  184  295  790  639  141 2431  411 1843 1927 1373 2699 2866  366 1536  895  762 2215 1728  622 2981  916 1482 1369 2092 1624 1089  624 1335 1769
  355  132  251 3168  357 1101 3009 3083 2755 2781 3111  925 1639 1930 1903 2129 2144 1475 2499 1719  610 1350 1521 1237 1123 2924   59 1497 1632 2115 1613 3092   68 2198 3180  474  560  449 1568  786  699 2933  228 2637 1674 3234   44 3108 2777 1984 1273  563  143 1920  878 1748 2260
  320 2369 2100 1658  554  661 1951 3056 3177   25 1772 1337 2520  623 2835  272 2687  373 1308 2551  498  938 3023 2868 2232 1169 1218  242 2188 2362  816 2605 1659  679 1211 2918 1881 1894 2183 2248 2012 2521 2000 2667  618 2347  128  769  926  617  592  248 2969 2874 2717  247 1392
 1384 2640 1005 2583  234 1340  644 2592 1966 2131 1341 1094  575 1291  662 1334 2007 2794 1342  995 2517 1104 2772 1791 1755 1304 2227 1120 2541 1404 2402 3144   52  239 3179 1307 2586 2628 1698 1001 1023 1321 1505  479 2489 2083 1798  258 2303  713 2816   29  136 2145 2708 2544 1550
 2068 1893 2902   40 1861 2217 3188 2218  752   50 1638  472  231  124 1898 3073 2331 2017  919 1305 1182  559  521 2322 2743 2376 1190 3187 1019 3042  188 2631 1923 2638 2514 2174  702  802 2262 2929 1315  434  770 1060  875 2201  350 1810 1992 2359 1077 3218 1062  381  456 3131 2033
  162 2380 1087 2898 1993  571  488 1883 1620 3089  214 1727 2600  978 1172  805 3164 1929 3217 1186  747 2196 1215  678  405  534 2907 3058 1292 3128  615 2209 1841  608 2345 1915 1904  904 2596   56  159 1454 1448 1017  171 2240 2906 1780 1432 2275 3151 2197 3091 2114  254 2311  309
  293  768  425  706  174 1519 2051  389 1885   41  764 1714  413 2823 2704 1835  688  133 2067 1339 2228 2917 2429 1956 2079 1031  269 1746 2982 1939   75  971  520  718 1784 1928 2841 2697 1989 2075 1452 2602 2536 2070 1382 2998 2636 2707 1161 2118 2025 2867 3195  982 1788  465 1736
  990  426  297 2935 1578 2625 1362  757 1922 3043 2724 2123 1575 2809 3012 2888 1329 1605 1058 2975 2395  311 1338 2043 1961 1157 2019  167  840 2414  527 2482 1506  649 3208 2167 2665 3052  573 2048  537   93 1583 2365  453 1277 1608  259 3149 2073  629 2004 1151  412 1247 1346  884
 1795 1897 1099  669 2344 2447 2787  179 2806  443 1445   27 1778 1626 2142  580 3219 2502 1806   74 1566 2539 1541 1116 1886 1414  683 2475 2575  461 2150 1103 1097 1805 1625 2791  756 3046 1290 1668 1553 1692 2057  358 2774 1926  557   84 1030 1889  896  149 1236 3033 2574 2795 2770
 1345 3030 1327  169  387 2298  308  743 1259 2045 1842 2135 1593  125 1673 1152 1548 2224 2353 2060 3098 1891 2463  974  630 2649 2913 2417 2304 2173 1636 1908 1240 2999  393 1559 1739  476 1435  368 2934  160 1742 2775 3186  958 3068 2179 1744  949  760 2848  120   77 1197  561 2486
 3005  865 1619 1646 1872 3166 1868 1877 1072 2101 1045 1403  945   34 1525  486 2607  518 1286 1603 1449 3126 1421 1222  880 3129 2424 1467  340 1007 2117 3105  632 2354 3162 1589 2546 1935  217 2495  525  255 1129  230 1614 1121  193 1913 3011  766 3096 1267 2206 3153  920 3190  876
   48 1803 1438 1284 2615 1916 1230  930  729  689 2140 2313  504 1245 1071 2737 2384  776  454 1609 1488  460  106  827 1533  203 1696 2616  500  267  996 1865 2325 2686 2891 2221 2921 2156 1481 2833  735 1751  383 2956 2789 3210  197 1858 2165 3104  950 2317 2211  539 2849 1686 2939
 2024  733  719  538 2314 1622 1641  147 2364 3125 2047  347 2238 1170   57 2936 1631 1671 2706  778 2892 2877  265 2116  934 2168 2909 2279 2387 2468  391 2002  664 2416  634  998 2210 1699 2288 1018 1565 1059 2763  606 2676  940 2089 2184 1402  579 1198 1783  810 2543 1862  515 1628
 2748 2512 1518 3139  774  589 2399 2627 1763 1399 1688  851 1261 2370   54  602  346  377   65 2617  334  637  198  292 1136 2799 1437 2001 2673  367 1083  931 2642 2904 1822 2805 2357 1181 2677 2166  209  616 3193 1124 2398 3064 2822 1661 1888 2381 1142 2644 2226   85  748 2825 1458
  826 3214 2352 3141 3212 2011 2727 1462 2396   19 2894 1564 3076  869  327 1012 2410  750 2971 1747 2193  321 2739  468 2044  150 2343 1195 1512  855  113  981  221  386  625 1040 1621  333 1140 1711 2621 1511 1830 1068 2204 2571 2726 1957  227 3017  831 1048 1280 1171 1651 3137 2804
 2978 1542  685  189 1854 2335  450 1663  613  808 1895  666 2420 2158  682 1027  932 1417   79  877  352 1483 3241 1114 2026  473  499 1038 1252 2925 2972 1555  853 3148 1921  763  846  129 2239 1498 2109 2547 2282 2341 2769 2320 1502 2911 1331 2808  148 2967 2696 2840 3079  586 1792
 1684 2937 3242 2171  845  913  597 1581 1115 2153 2523 2646  138 1700 1594  910 1010 2630 2897 2413   88 2181 2096 2993  165 1206 2368 2928  182 2943 1517 1243 1079 1014 1627  970 1546 1982  721  899 1824 2996 2553 1173 1777  406   90 3228  841 2409 2010  296 1551 2946 1981 1086   11
 3209 2730 2324 1300 1388  959 2695  380  901 1740 1078 2292 3026 2462 1567 2622 2031  266 1080  505 3215 3230  794 3248  587   12 3232 1209 2705 2663 2375 3001 2111 1183  279  306  536 1022  273 2318 3018  541 1159 1225  137  598 1360  516 1837 1722 1985 1515  725 1469 2505 2515  944
 1271 2854  438 3025 2979 1964 2133 1924 3086 2094 1988 2974 1909 2940  134 2749 2491 1819 1397 1545 2356  986 2147   22  469 1642 1652  609  715 1634 2373  857 1150   95 1906  811  244  303  105 3163   73 2316 1057 1053 2349  382 2951 1242 2108 1474  458 2720 2591  494 1158 2718 2528
 2255 1703  670 3150 2064 1944  822  594 1395 1472 1416 2807  883 2650 3065 1910 1866 2606 2779 2790  962 2810 3227  652  852  483  232 2143 1796 1118 2058  773 2610  276 1489  325 2310  502 1119  872 1214 2250 1976 2554 1773 2319  397 1208  428 2072 2286  275  111 2648 2037  755 2872
 2764 2185 2234 1701 2572 1771  710 1532  640 1132 3077 2473  667 2955 2458 2742  522 1876 2415 1105  114  873 2797 1999  577 1685 2556  215 1229 1127  716   42 2315  145 2875 3119 2136 1232 2690  172  542 2338 2090 1011  788 3120 3143 1577 2337 2510  322   20 2242  142  942  487 2869
 2423 1344 2124  707 1263  956 1436 3072 3173 3074 1066 2470 2453 1811  212 2944  888 1409  208  107 1088 2097 2634 3063 1256 3152 1501 1758 2901  139 2560 1154 2647  972   53 1938  914  636  246 1468 1980  858 2270  437 1604  798 2449  312 1148  482 1667 2762 2680 1494 1443 2069 2855
 2243 1423 3140 1330 2309 2178  422  219  363   18 1554 1224 2950 2015 1156 1610  785  463 1004  937  854  305 1309 2170 2827 1968 3233  332 2839 3244 1689  252 1427 2091 1408 3031   10 2884 2490 2040 1192 3206 1874 1355 1301  477 1730 1311 3050 1312 1091 2161 3240 2885 1313  590  791
  277    3 1465 1531 2793 2504  260 2186 2678 1241   30  452 3167  236 1523 1836 1537 1587  282 1374 1760 1662  532  650 1869 2947 2251 2408 3087 1278 3118 1827 2080 1996 2693 1364 2065 2995 1052 2102 1776  175 1297  677 1962 1860 1090 1947  900 2086 2274 1713 1377 3113  360 2236 1084
 2989 1285 3107 2480  627 2326 1357 2635 1710  249 2973 2059 2308 2281 2729 3238 1774 2562  341  724 1166 2371 1063  123 2611 2006  374 2005 1611 2148 1706  787  754 1754  698  510  135 2896  997 1361 2986 2497 1387 1272  906   26 2205 1965 2182 1584  161  407 2710 1228 2422  813 1044
 1061 1024 1580  307 1571  987 2949 1679 2487 2983 2751  444 1508 2744 2098 3134 1845 1764 1006 1347   66 3221 1573 1950  104  866 3020 1781 2533 2071  796 1585 2457  653 1219  356 1598  164 1570  819 1459 2323 1260 2883 2199  420 1937 1953  611 2511  289 1049 1562 2180 3084 3171   63
 1202 2908 1205 2788  466  398 2580  672 2252   71 2253 2441  549  740 1223  126  825 2256  555 2661 1863 2332  216 1420 2767 1227 2931  121 2394 1987 2107 1902 2076 2516  832   47 1867  759 1932 2084 2459  753  101 2246 1042 1779 2038 1009  480 2876 2756 2899 1298 2920 2865 2694  859
  680 1442 2164 1013 1969 2526   96  584 1162 1635  424 2959 1464 1694  490 2190 2629 2433 2342 1294 2771  371 1520 2216 2456 1681  117  830 2766  792 2916 3157 3202 1735  782  645 1180 2873 2155 2041  433 1176 2613 1656 1352 2231  556  299 1549 1257 2966  922 1563 1349 1394 2469 1444
 3200 2169 1971 1251 1446 2569  225 2419  501  210  784 2312 1471 1425 2225 3154 2817  415 1919   86 1450 2385  441 1008 2688  181 1332  448 1076  263 2786 1002 2237 1524 2926 3004  509 2991  837 2599 3027  365 1439 2958 2597 1873 2269 2565 1310 2020 2479  395 2522  257  359 1411  523
 1990 1940 1675 2287 1527 1539 1113 3002 2077 3175  220 3038  430 2176  692  638 1946 3071 2588  116 1143 1695 1137  701  399 2427  300  674  961 2990 1677 1139 3102  191 1391 1890 3205 2500  821 2401 2670  905 3078 1246 1917 2818  372  442 3185  675 1678 1535  431 1504  588 3067  530
  388 1144  385  595 2081  519 2922 1487 2700 1255 1825  349 2152  614 2036 2887 2119 1901  800 2968 2146 2407 3044  414 1451 2930 1491   17  439  290  948 3161  324 2957  705    7 1607 1163  642  511 2623 1991 1833 2272 1738 2223 2501  890 3117 2172 1660 1429 1380  856 3015 2130 3014
  777 1716  879  993    1 1507 1351   89 1949 2214   67  871  353 2418 3021 1745 2815 1813 2880 2465 1649 2585 2285  648 2711  569 2576  168 1191 2397 1892   31 3090 1371  201 1934 2061 2842 2055  646 3189  850 1762 2451 2965 2595 1970 1266 2845   69 2871 1702  696  190  612 2545 1221
 1126 2666   43  271 1979 2594  703 3172 2758 2778 1576 2120 1687 2307 1100  396 2802 2428 1723 2735 1848 1220 2377  751 3142 2391 1657 2980 2757 3116 2229  173 1743 1463 1128 1882  558 2570 2032 1466 1037  828 1558  485 1879 2261   78  726    9   55 2125 2452  723  264  506  195 2997
 1708  375 3057 1499  745  310 2151 1530 2824 1050  565  767 2030 3132 2445 1165 2112 2732 2508   61 2900    8 1056 2671 2590 2709 1588 2905  294 1323 1456  278  390 1440  694 1431  457 1326 2110 2812 3174 2306 1721 2893  720  992 3203 3008 1134 1107 2389  376  421 2846  633  338 2160
  977 1065  475 2792 2138   14 1645  885 1138 2264 2733 1365  187 1372 3138 2886  604  103 1712 2062  734 2837 1110 2723 3224  676 1112 2202 2085  404 2291  968  261 1496 2548 1095 2022 1184  917 3247 2819 2538 1199 2460 2378  155 3122 2355 1664  470 2923 2021  564  635 2247  655 1729
 1028  417  118 1185  566 1574  418 1718 1213  548 2952 2464 1840 2003  626 1189 1647 3013  199 3109  337 3245  973 2360  342 1975  681 2643 3226  631 2559 2127 2187 2960  849  954 2259  336 2698 1282 2430  298  714 2659  722 3136 1586 1682 2558  600 1560 2814  758  207 2745 2702 3003
 2477 3080 2750 1317 1775  671 1653 2289  495 1204  882 1092 2404  947 1756 2053  351  687 1168 1829 2052 3062  814 1998  894 3181 1433 1905   72  491 3007  153 2506  110 3207   76 1717  119 1847  330 1149 2263 1817  966 2507 1356 2658 2383 2333  975 2614  274 3229 2088 2035 3028 1096
 2301  401  708 1389 1786  789 2471  941 1406 2531  176 3093  343 1289 2830  823  481 2910 2361 1075  177 2582 1235 2519 1948 2440 2653 1109 2194 2297 2561  392 2113 1314 1495 2683  690  270 2721  245 1457 1844 1306  803 1793  416 1954 2249 2132 1967 1726 1733  402 2412 1597 2608 2484
 1153 2860 1293 1370 1179 2530 1522 2128  553 1510 2798 3110 1952 1490  178 3070 1669  130 3213 3094  994 1831 2619  144 1556   58  953  158  576  965 1410 2103  286 2747 3081  108  436 2639 2013  131 1983 3000 1941 1859 1381  582 2027 2461 1846 1870 2782 2889 1035 1407 2163 1131  658
 2970 2455 2149 1912  967 2029 1248 1415 2870  224 1503 1945 3034 2235 2478 1253  410 3176   45 1016 3146   83 1753 1552 1931  907  809 1328 1616 2278 2534 1973 1135 1133  496 3216 2474 2550 2714 1732 1691 1020 1955 2305 3059 2852  170  731  345  801  427 1264 2632  493 1396  250  540
 2283    4 2861 2603 3194 2432 2654   60  797  281  730  194   39 1750  514  657  378 1814 2266 1039 2964  732  180 3045 2847 3196 2351   38 2820  848  403 2008 3040 1147 3183 2912 2578 2760  818 3235 1117  783  835 1320 2016  999 3184 1378  985 1479 2254 1485 3019 1064  146  222 2684
  991   62 1676  862 3223  746  607 1787  651   87 1212 2212 1637 2895 2734 1617  738  847 1995 3130 2050 1167  833 2195 2961 2593 1782 3123 2042 1582  656  654 3037 1400  361  157 3169  928 2405  887 2851 2783 1376 1816   82  761 3082 2664 1599 1601 2492  335 2411 1303 2056  122 1600
  924  952  742 2609 1665  867 1884 2994 1766  464  154 1207  963  593 2915 2633 2785 2367  898 1295  843 1493 1942 1322 2856 1807 1203  741 2095 1480  939 1820 2203 2525  951 3088 2366 1569 2598 2675 2850  562 1269 2988 1839  102  979  205 1633 1473 1333 1081 1914 2674  980 1857 1693
 2834 1725 2329 1818 1943 1430   81 1557  285 3024 3029 2406 1194  362 3022  834 1359  739 2953 1036 1644 1572  933  918  923  964 2390 2467 1046 1790 2948  772 2403 2651 2386 2579 1855  911  874  620  728 2954  737  140  348  943 2277 2612 1759  570 1960 3055 3115 1461  892 1547  921
 3201 1851 2945 2941 1592 2494 2141 1978 1478 3160 2669  989 1279 2801  591 1812  400 2655 1125 2437 2222  736 2257 2485 2626  213  903 2280  567 2438 1821  929 1262 2154 1618  237 2722  863   46  775 2162  960 2826 2350  673 1268  668  394  550   91 1492 3106 1832  957 1358 1401  844
 1484 1650 1302 1244 2524 1630 2518  423  467 2126 1426  838 2220  409 3035 1216 2481 2938 2393  727 1413 1070 2273 2679  163 1270  489 3097 1385 2454 1015 2191  976 2761  603 1666 2134  684 2244 2881 1561 2258 2691   64  313  369  815 2532 2200 1477 1749 1405 2267 2023 1615 2549  238
 1287 2765 3211   16 1757 1383 2836  641  331 2882  524  771 1907 2568 1029    6 1069 2754    5 1275 2078 3036  881 2439 1797 1878  578 2529  317 1054 1276 2443  946 3121 2857 3191 1187 2299 2624 1249 1032 1041 1353  700 2450 2444 1418 1800 1447  243  370 1453  983 2382 3051 1178 2483
 1047 1828 1799 1752 3239 2831 1808 2859  301   36 1680   49 2563 2858 1720 2208   28  643 3225 2039 1794   92  621  316 2567  544 1033 2984  695 2488 1834 1936 2268 1196 2821 1899  647  455  304  663  328 2811  507 2503  552  709  799 1925 1155 2074  432 3156 2657 2713 2932 2740 2962
 1543 2509 1354  344 3101 2692 2853 2137 1654 1231 2014  408   23 1707  451 3236 1130  583 1815 2776 3041 2715 2435  288 1098 2157 1217 1043  886 1455 1175  860 2863  572  599   70 2587 2213 1958 2573   94 1500 3048 1265 1348  711 2496 2681 2330 3158 1690 1994 2063  513 1887  166  315
 2537 1697 2054 3100  660 2104 2340   13 2358 2879 2620 2290 3069  969 2425  793  551 1767  665 1434 3010  109 1606 2087  186  127 2294  115 2604  478    2 2421 1864 2719  601 2336 1737 3243 1544 1871 1343  585 2372 3222 1145 2584 1623  531  314 2363 1761  526 1201 2552 1441  459 1324
  533   37 1538 1823 2388  226 2177 3147 3099 1051 1986  780 2099   21  268  546  512 1516 1591 2400 2122  235 1896 1826  984 2618 2773 1765 1768 2829  744 3114 3159 1997  574 2803 2768  112  319  870 1393 3135 3006 1210 2712   98  202  503 3124 1977 2018 1325 2034 3053  229 2701  891
 2327  955  765 2800 1709  812 2513  196 1188 2601  893 1911  302 2175  517  908  435 1316  471 2339 2752 2219 2392 1379 2207 2105  529   24 1274 2159 1239 1390 1141   32 2942 3199  686 2985 1200 3197 2662 1579   51 2843 2784  484 1789 2436 2446 2976 1590  253 1102 1486 2581 1258 2121