 1944 3095 2952  356  648 1443  901 2614   89 1838 2008 1332 1900 3218 1560 2116 2301  808 2191 1343 2959 3013 3182  980  141  481 1728 1508 3188 1415  558  383 1621  120 2567 2506 1543  569 1628 2630 2480 1243 3163 2377 2210 2428  239 2640  814 1507  547 1340 1585 1833 2340  946  216 2300
 3360  712  600  632  443  677 1045 3347  361 1003 1905 1704 2803 1232  405 1608 2677 1700  330 1553  167  485 1774 1734 1546 2636 1492  663 1885  698 2009 2424  847 2666 1861  907 2948 2160   96 1530 1061  655 3098 2467 3225  995 2587 1593 2123 3068 1204 2536 3235 1687 2655 2450 1799 2522
 2075 2399  554 3339 1478 3353  209 2642  720 2758 2226 1920  538  128   57 2604  694 3226 1517 2784 2527  369  754 2566  876  816 2570 3253 1764  719 1160 2048 1684 1722  715 3255 1036 1865  746 1006 3004 1931   63 3105 1634  124  415  153 3241 1960 1077  650 3025 2440 3051 1626  670 2744
  595 2573 2233 3267  144 1070  212 3221 2178 2155 3113 2083  970 3080 2620  755  634 1053 2071  198 3059 2544  439  777 1499  653 1765 1597  516 2134 1111 1089 2221 2834 2935 1519 2084 2910 3338 1073  193 2220 2651 2818  157 2086  798  608 1526 1040 1824 2382 1376  956 1216 1317 1423 2672
 1212  684 1673  173 2057  571 2498 2845  953 3325  416 2164 2590 3233 2371 2687  966 2549  338 2821  135  472  909  912  959  842  828 1310 2904 2157  985 1322 1736 1533 2649 2792 2417 1196  766 2368 3349 2159 2087 3135 1995  327 3232 1268 1711  102 1416 1056 1541 2812  183 3132  949 1813
  514 2733 3147 1883 1762  809 1819 2654 1614 3100 1354 2214 2728 2296  896  342 2634 1835  667 1202  337  791 1414 1424  565 1767  182  787 1307 2598 1631 3319  574 3313  624 2774  318  873  386 2520 2532 1923 1334 2644 2216 1361 2663 2887 1695   26 2284  645 2525  820 2249 2336 2457 1281
 2714 2029 2501 3248 2468  941  493 2693 1584  188  923 2708 1627  256 1228 1149 2466 3210 2509 3284 3073  908   77 2917 1241  306 3179 2192  619 1253  459 2366 3334   94 1955 2353 3047  784 1912 1624 2842  240 1849  957 3150 2833  743 1441 3118 1990  243  145 2107  308  484  263 1550 1410
 2797  241 1028 1327 2053 3060 2572   91  589 1887 1569 1761 2813 1666 2101  303  635 2430  403  857 3257  495  881 2993 2105  786 1581  333 1353  685 1814 2954 2244  580 3151  305 1904 3071 1921 2334 3181 2920 1641 1473 2189 1090  343 2605 2241 1069 2227  616  406 2389 2580 1806 1603 2276
 1096 2518 1663 3152 1769 2238 1392  797 2278  505 1351 2265 1983 1297 2848  887  678 2285 2927 1860 2222 1559 2934  834 2998 2240 1794 1165 2557  134 2483 1565 1235 1382 2476 1493 1391  430 1745 1980  349    3 2888   55 1863 3172 1469 1554 3070 2396 1287  729  749 2768 1282 1874 1602   69
 1457  839 2946 2169  174 3341 1350  215 1431 2699 1725 2477  967   12 1821 2460 1575 2564  312 1032 2026 2786  917 2253 3038  475   72 3357 2232 1151 1964 1269  478 2890 1899 2198   59 2915 1743 1616 3278 1690 2209  733  656   30  987 1672  499 1926 3024 2534 2707 1407 1394 3297 1699  939
  875  433 2195 2745 1591  976 3124 3175  309 1466 3010 1950 2578 1937  807  486 3128 1501 1467  467 1142 1538  682 2624 2485 1657 1125 2060 1455 2796 2144 1497 3228  192  501 2069 1757 1908 1617 2082  199  542 2033 2618 2015 2329  341 2691 1145 2515 1996 1842 1712 1710 1127  950 2135  906
 2385  764 1598 1218 1882 3130 3351  353  213 2020 2063 2031 1178  220  549   66 1299  476   87 2482 1286 3119 2132 1294 2010 1201   86 3114  271 2025 1786   28  771 2982 1516  899 2207 1895 2352 1589 1662 3247 3014 2197  894 1524 2652 2435 1386  350 2881 2754 2992 2771  368 1368 2282 2880
 1477 2223 1563 1869 2051 2859 3205  598  471 2150  258 3111 3162 3141 2049  831 1778  916 2524  683  429  262  690  394 1166 1836 1364 1952 3056  605 3331  994 2016  933 3170 2807 2837  562 2005 2035 1261  203  214 3079 2497 2024 1475   75  544  264  895 3122 3192 2825  202 1060 3195 2095
 2645 2037 2441 1229 3023 3103 1148  657 1658  778  625 3184 1436 3222 1024 2574 1770 1689 2545  452 1331 1025 1186 2513 1446 1143  584  603  770 1974 2996 1038 2752  105  129 1257 3045 1190 1154 1544 2773 2211  230  385  900 2876 3159    8 3332 2628 2360 2429 1246 3063  492 2054 1611  803
  401  231  711 1188 3305  728 2635  162 2660  918 1650 2941 1002 1425 2292 3006 1797 1491 2581 3234  772 2942  607 1339 2678 3329  438 2667 1549 3266 1155  788 1512 3283 3077 2370  480 3108  125   97 1992 3314   46  391  331 1787 2576  614 1266 1853 1330 1935 2034 2272 3352 1047  132 1373
 1113 2379  462 1390 2151 1618 2924 2987  181 2778 2091 1264 1829 1205 1873 1263  177 2985  673 3356 2413 1717 3088 1975 2451 2012 1035 1144  525   74 3295 2358 2117 3109 1019 1576  408 1665 2408  470  319 1749 1461 1088  860  244 2831 1790 1848  278 1485 3029 3083  323 2575 2186  178 2700
 2268 1963  938   49  219   99 2342 1997  954  169  205  644 3237 1561  704  270  399 3027 1609 3020 2052 1911 3343 3239 2393 3101  539  707 3075 2361 1062 2456   84  867 2608 1613 1789 2298 3242  753  592 1653 1520 3160 2555 2530 2820 2511 1542 1702 3219  604  176  195 2204 2239 1290 1906
 3326 2462 1311 2422  594 3066  451 1051 2577  664 2257 2283 1513  775  724  112 2723 1417  963 2237 1969  313 2661 3037 2753 1112  253 1966 2563 2715 1048 3238  255 2303  889  609  482 3229 1625 1859 3291  863   98 3173 1629 1647 1525 2696 2683 3230  393  154  822  426 1756 2350 2173  869
 1811  799 2543  364  988   25 1021  217 1986 2018 1400 1481  487 3117  404 1490 2067 2307   29 2751  773 2017 2560 1929 1793 1012 2338 2263 1642 2108 1418 1279 1009  444 1220 2957 1888 1754 1724 2658 2416 1876 2229  365  945 1857  247 1487 3215 3328 2808 2906 1439 2659 2133 2488  546 2550
  294 3320 1161 1193  586 1240 1135 3273 3057 3000  498 3288  148 2453 2452 1091 2391  781  552 3082 1680 2295  613  929 3002 2966 2088  947  347 2832  494 3344 1157  903 1640 1696 1081 1731 1760 1976 1773 1292  812 3053 3358 1158 2499 3342 2503  351 2489  283  359  915   67 2916  507 1432
 1464 2356  535 2866 2665  763 1780  551 1470 1195 1884 1659 2386 2111  512  984 1300 3290  541 3049  856 2426  898 2431 1870 3302  180 2114 1401 2078 3208    5 2826 1822  824  790 2171  506  390  706 1037  886 1755 3048  101 2495  557 2775 2269 2739  699 2027 1255 2621 2388 2541 2844 1383
 2765 1312 2940 2877  737 1781 1309 3207 1721 2254 2626 3214 1174  479 2271 2405 2502 1043 1771 2857 2044  631  519  314  468 2493 3224  171 2561 1338 2143 1886  628  914  227  140  340  225 2225 1962 1371  427  457 2538 1352 1315 2372 1685 2146 1697 1540 1326 2944 1930 2090 1953 1897 2847
  891 3244 1267 1285 1014 1889 3200 1079 1146  310  925  783 1971 3104 2404 2319 1740 1336 1107  378 1295  913  830 2168  983 1022 1713 1486 2438 1919  432 1366 1357 1000 3110  835 2905 2893 1949  977 1637 2824  612 1303  497 1108 1820 2931 1468 2418 3204 2852 1194 1463 2322 1606 2231 3112
 2337  172  668   65  232 1138  388 1582 2407 1758 3311    1 1372  671 1074 2139 1536   38  251 1374 1118 2912 2633 2925 3133 2369 2762 1910 2801 3186 2908 3191 2280  431 2592 2539  115 2478 1321 2471 2185 2997 2494 2582  865  295  936 1050   56 1677 1167 3137 2348 1656  261  269 2594 2427
 3286 1168 2722 2167 2800 2749  515 2359 2317 1776  348  744 2059 3324 2324 2814 2623  151 1652 2321 2046  396 2977 1171    4 2606 2829 1645  103 2392 1085  955   22 3337 2400 1506 2879  533 1676  611 1369 2861 3261    7  672  780  597 1442  384 3189  832 2320  156  765  662 2864 2781 1251
 3097  897  892  301  659  686  818 1023 1515 3065 1122  761  709 3321 2686 1732 1136 3363 3272 2682  267 2883 2521  981  409  448  489 1643 3165 1723  636 2619 2061  952 1592 1703 2711 3336 2330 1133 1600 2339 2823  951 1979 2609 1422   61 3054  524 2097  587 3089  702  793 1844 1015 2757
 2937 2930 2516 1615  602 3322  114 1211 2727 2860 1363  100 2313 1355 1398 1880 3018  944 1217 2889 1224 1768 1342 3287 3270 1633 1181 2692 1247 2470 1316  920  488 2073 1985 1707   13 2161 3250  643 2275   81 1669 1104 1137 1210 1678  840 2599 2262  697 1078 2697  503 2331  236 2023 1184
 1452 3146 3285 1097 1318   92 2141 2938 1511  345 2871 1532  286 2112 2558  370  491 2980  510 1632  591 1004 3330 2731 3055 1018  149  859 1989 2670 1936  346 3139 1991 1324 1957  769 2039 1100 3212  555 3035  435 1189  500 2694 2279  362 1805 2235   43 1875 1349 3028 1555 2351 2131 2288
  360  708 2419 1223  567  825  593 1440  131 2782 2040 3296 1831  806 2591 2568 1427 3074 2750 1274  160 1421 3177 3022  107  583 3072 2819 1646  175  971 2465 3227 1604 2804  208 1823 1380 2717 2882 1896   14 3168  158 2277 1092 1434 1661  633 1744  960 2100 2381  581 1451 2613 3271 1183
 3169  679  277 2972 2843  877  974  559 1715 3161 1293 2432 2674  142  654 1596  922  522 2196 1017 2184 2805 3126  111 2273  871  166 2158 2454 2463  449  133 1691  972 3282 2776 1109 2725 3274  518 2738 2849 1123 1170 1042 2380  651  336 1277  334 2125 3333 1750 3281 2079 1480 2444  979
 2632 1346 2595 1903 2950 1679 3315 3362 2968 1965 2840  320 1709 1126 2637 1344 2734  434  325  466  545  207  197 1385  757 1052 2274  969 2551  932  872 1162 3008  159 2886 1594 1943  284 2689 1671 3289 1412 2148 1610 1020 2903 3293 2669 1360 3052  508 1105 1735 1982  238 2007  410 1057
   71 3030 2129  436 2780  779 2315  450 2583 2913 1737 2971 1156 2176 2290  187  570 2713  748 1314 2062  879 2648   54 2884 1803  992 1587  307 1894 2459 1827 1854 2922 2610 2853 1381 2874 1288 2639 2081   64  846  692 2228 1008  428 2433 1783 3050 1701  221  163 1942 2443 2149 2741  447
  273 1800 1850  838 2218 2990 3268  902 1159 1809 2236 1405 2047 1296 2785 2390  268 1256 2529 1308 2995 2955 2119 1528 1377 3129 2676 1775  795  473 2409  882 1907 2021 1816  841 2170   90   52 1791 3154 3016  801  734  540  374  942 2523 1981  943 2815 1328  281 3003 3087 1068 2001  566
 2154 2748 1716 2994 1922 2899 1213 2943  316  496 3102 2325 2767 3178 1472 2896 3202 1879  422 1862 1276  564 3217   58  504 1426 2032 1810 1622 1387  113 2788 1518 2344  874 1619  676  851 1751  893  700 2794  577 1011 2188 1259 2492 1837 1164  397 1572 2724 1001 1325 3317  136  968 2294
  789 2248  862 1367 2962  819 1817  237 3143 1566 3046  223  446 2519 2089 1867 2074 2897  930  649 1807 2627  442 2183  853 2579  414  226 3001 2030 1175 2548  296 3092  354 3307 3009  224  821 2163  852 2885 3145 2702  561  194  965 3346 1254 2747   37 1039 2421 1420 1956 1206 2791 2363
  747  935 1041 1636  725 1030 3193  453 2096 1245 1495 1570 3084  858 2939  630 1664 1488 2949  833  477 3123   41 1588  282 1029 2104 1437 1337  421 1748 1176  146 2584  750 1489 1994 2706 2761 2455 3277 3209 2695 1834 2827 2556 1244  627 1471 1454 3298 2868 2179 1558  623 2799 2165  642
 1419 1730  248 3312 1753 3350 3223   34 3254 2554  991 1031 1847 2043  620 2341 3032  618 3213 2036 3125 2607 1197 2647 1348  861 2951  553  218  375 1973 1147 1265 1681 1948   68  928 1049 3348 2347  407  924  596 2349 2137 1199 2657  412 1283  999 1411 3144  297 1605 1458  456 3220 2746
   45   44 2102  419 2414 1016 1548 2242  352  200  291   95 2961 1180 2984 1978  104 2461 3269  735 1601 2297 1496 3106 2270 2770 2646   33  827 3335 2631 3134 3069 1402 1233 2510 2638 2187  745  850 1177 2929 1067 1273 3216  530 1858  317 2412 1465 2076  740 2656  880 2326 2355  687 2401
 1163 2822  502 2565 2332 2003 3299  599 2830 2872 1101  520  324   76  537 1574 2166  804 2177 1124 2965  817  680  615   11  276  714   35 2963 1841 1938 2180 3031  829 1959 1504  742 2013 1866 3310 2365 2120 2730 2147 3140 2983 2293 3249  402 2854  302  958 1891  290 2662 2863 2130  527
  170  626   47 2856  576 1668  465 1106 2928 1453 1998  445 3171 2956 3076 2721 2914  289 2795  717 1941 1428 2255 1278 2312 2512 2798  440  483 2077 2547 2267 2839 1063  978 1284 1924 2487  155 3183  805  532 2978 1396  845  688 3236 2835    9 1476 3085 1932  357  888 2309 1623 3174  189
 1521 1114 1892 3240 3007 1034 1772 1120 2533 2126 1413 2537 1072 1916 2505 3300 1537 2243 2302 2402 1134 2976 2205 1173  601  674 2878 2028 3190 2617 2406  400 3262  560   36 2193  285 1571  298  782    6  622 1066  726  703 2469  621 3294 2967  122 2811 1881  973 2526 1059 1651 1586  647
 2688  380 3041 3180 1191 1509 2603 2507  849 2000 2496  844 1547  366  796 3164  423 2006 2988 1688 1375 2809 1527 1429 2246 1808 1529  265 1071  143 2777 1812 1005 2719  463 2973 2436  691 2299 2680 1140 2517 1215 1856 2902 2865 1951 1972 1763  304 3256  767 2668  206  550   93  681  556
 1733 2569  201 2066 2593 2281 1345 2098  411 2140 2420 1329  774 2215 2201  921 2862  910 2766  563 1782  588 3094 2261 1692 1333 2291 2542 2921  730 2343  785 1141 2145 1729  731 1961  242 2362 1890  975 2588 1988 1564 2395 1222 2219 1620   62 2357  727  800 1503 2472 1449 1433 1927 1323
 2038  513 1674 3231  490  617 2491  126 2327  705  288 1579 2909  328 2981  836 1130 2964 2314  377  287 3355 2895 1902 3043 3316 2740 2974 1358 2918  321  332 1939  326  585  335 2841 2122 2828 1928  937 2068 3155 2439 1714  233  582  179  578 1054  713 2718  741 2182 3039 3194  762 3034
 2383  469 1388    2 2378 1925  610 2810 1872 1335 2756 3265 1444  274  638 1320 2311 2500 1484 2041 1153 2323 2446 1843 2058 2308 2213 3354  752 2394  417 3061   80  758 1649  234 2873 3158  245 1993 1399 1556 2305  721 2055  299 1999 1298 3142 2106 3259  420 2247  425 2698 1187 1082  870
 2779 1686  184 1262 2600 2945 1238  572 2716 1675  931 1851   19 1825 2230 2671 2755 1098 1828 2787 3081  826  843  147 1798  371  260 2641 1567 2616 1913  590 3176 3252   18 2437 1409 3199 2376 2947  138  116  738 2846 1139 1747  511   32 2759 1242 2121 2411 2596  629 1693 3276 2286  186
 2410 2093 1007 3301 2553   82 1583 2720 1393 1172 1482 1404  185 3062  130 2019  884  997 2423 1075 1362  878 2986 1590 1365 2153  259 2124 1644 2802 2152 2508  802 1116 3005 2425 3058  228  311  982 2447 1868  196 2559 1305 2729 2760 2042  568 3017 1759 1815 1500 1275 1384 2398 1462  776
 1252 2287 3131 1448 2855  339 1301 2479 3153 1595 1832  669 2712 2763 2681  523  382 1258 2701 2490 2373  961 3318  293 1694 2615 2224 1830 1801 2742 3304  379 2022 1915  222   48   31 1239  579 2011 3166 1094 2650  989 2514 1198   24  363  855 2622 2475 2434 1510 2816  813  722  640 1248
 1901 1514 1648 1313 3033  927 2264 1291   17   42 2625 1654 2975  718 1438 2080  639  940  437 1445 2793  986 1083   20 2901 2346 1970 2103 2374 3264 1456 3275 1044 1568 3243  732 2251 1946 1058  759 1200   51  235 2064 1302  701 1395  573 2252 2403 3157 1115 1117 3011 2175 2629 3206 2926
  123 2589 1562 1179 2783 1064 2448 2875 2960  108  823  272 3258  127 1739 3138 3042 3078 1667  204 2245 2234  322  168 1221 1236 2710 3064 2070 1270   60 2705  367 3245 1087 1698 2258 1132 1430 1746  998 2907 1230 1845 1460 1182 1356  919 2256 3263 1523 2014 2364  164 2464  424 1494 2415
  641 3036 2601  517  119 2546 2923 2869 2162 2484 1379 1450  689  460 2072 2136 1272 1531 1535 1779 2969 1474  509 2684 2115 1435 1719 2743 2900  118 2397 1055  606 1599  191 2085  455 2585 1784  249 2056 2535 2675 1940 1967 3327 1260 1219  811  329 2367 1227  372 2384 1818 2690 1027 1708
 2199 1551 2458  658  905 1483 2867 1129 2673   85  665 2789  139 2110 2552  344 1231  868 2328 1977 2138 3026  315 2764 1289 3091 3067 1370  660  710 1225  152 1720 2737  376 1741 1403 2736 2611 1792 2127  137 2375  165 2838 2597 3040 1502  993  395   21 1249  637 2065 3096 2250 2858 3306
 1545  837   16 2174  529 2528  548 1250 1207  389 1406 2194  355 1682  458 2892 1208  543 1408  794  996 2653 1010 3019 3127 2128 2387 2206 2586   78 3015 2870 1878 3086 1738   15 1898 2217  110 2203 2316 1630 2092   53 3148 1852 1459 2769 1076 1026 2200 2919 3044 1785  280  358 3280 3115
 2212 1304 3292 1319 2333 1080  646 3196 2306 2190 2958 1119 1447 2113  266 1552 2318  464 1639 1795 3211  292 1947 3303 2932 1670 3116 2345  229  962 1557  926 2562  190 2979 1777  528  964 1084  418 1280  254  854 3359 2772 3187  575 2735 3251 1893 1788 2094  990 1359  792  716   50 1095
  534 1706 1498  521 2004 2703  461 1918   73 1655 1534 1612 1103 1945 1169 3279 3197   27 2449  810 3120 1214  109  911 1705 1397 2851  696  413   70  211 3246  441 2504 2045 1718 2898 2953 2891 2486  279 3185 2118  864 1306 2181 3308 3093 1102 1479 1033 1968 3198 1934 3203 1192 1855  210
 2911 1635 1226 1271 1203 3309  252 1840 2289 2473  815 1877 2999  661 1347  756 3156 2208 3340 2202  531 2260 2726  652  246 2704 3345  454  300 1727 1234  934 2335  536 3012  768 1796 1152 2991 1766 1013  666 1914  381 2142 3361 2936 1539 1065 2643  373 2259  885 3099  695  848 1804  723
  693 1573 2732   79 1683 2989  387 1578 1128  392 2050 2172 2099 1577 2806 1110  751 2540  948 1987 1638 2602 1150 1378 1839 1121  526 2894 1958 1389 2266  866 2571 3121   88 3323 1933   39 2481  675 2685 1917 1660 3260  474 2836 2850 1826 1864  739 1237 1086 2664 3090 1185  250   40 2790
 2442 2354 3201 2817 1871 1522 2531 1341 3364 3021 2445  736   83 3136  890 2709  275 1580 2109 1954 1209  904 2612 1802  398 1726 1093 2002 2304 2156 2679 2933 3107  760 2970 3167 2310  257 1846  117  106 1742 1099  883 1046 1505 1984 3149 1909 1752 1607   23  121  161 1131  150   10 2474