 2146 1440 3219 1012   79  961 3398 1269 1098 1337 1587 1368 2532 1057  617  628  903 2421 1230 3008 2774  696 2879  265 1570 2044 3245  325 2095 3481 1794 3369  508 1766 2676  195 2253  822 3381 2407 2901 2552  634 2021  346 1325 2679 1408  831 2016  513 1424 2236 1861  735  661 3447 2461 2813
 2618 2789  826  193 2549  773 3286 2023 2749  721 1640 1793 1585 1942 1017 1379 1871  164  301   46 1490 1007 2083  784 3338 3254 2934 2521  812 3062  646 1097 3331 1393 2968  259 1176 1583 3465 2654 1112   15 2739 1465 3389  282 3028  295  674 3443  573 2020 1627  425 2950 3123 2826 1461 1150
 2181 1352 1594 2896 1245 2498  740  742 3171 1729 3428 3118 1452 2451 3375 1939 1615 2777  236 3112 3264 1758  172 2463 2233 1454 1946 2543 2112  538 2667  232  622  936  211 1139 2566 1965  385  386 3237 2271  230  380  951  997 3036  127 1229 3127 1310 3223  667 2249 2680 2065 2077 1004  616
  935 1494  791 2485  611 3466 3143  124 1735 2698  967  536 2335  108 2884 2216 2247 1924    4 3420 3236 1529 2527  883  100 3480 3194 1730 1505 2223 1342 1435 2559 3394 1705 3272 1868  437 3026  493  649 1417   60 2538  257  506 2126 1218 3205 1035 1501  957 2437 2455 2853  522 1064 3385  473
 1482 2432 1949 1249 2431 2107  557 2072 3362  274  284 2074  698 1769 1292 2843 3461 2773 2946 2167 2374 1775 3228 2740  469  918  200 3321 1658  964 2081 2807 2396 3095 1079 2706   91  923  672 1947 2617  478 1399  189 1042  180 3386 1274 2412  484  181 3214 3164   64 1117  514 2148 2546 2644
 2806 1820 2359 3284 1294 1485  977  140  197 1288 3289 1714  712  647  455 3054 2238 1553 2202  947  683 2861   90 1514  112 1313 1571 2761  262 3323  778 1744 2631  764  397 2782 1415 1063 3313 2638  569  726  790  861  767 3114  829 2378 1808 1020  807 2993 3149 3364 3202 1788 3315 3451 3312
 3211 2872 1815 2862 2285  296 1262 3170 2792  352  854  858 3061 3476 1469 1525  706  739   70 3403 1746 1206 3081 1413 3130  537  989 1731  329  796 1801  615  958 1698 2478   44  564 1713 1367 2256 1162 2258  643 1833 3209 3238 3017 1990  701 2352 2738  625 2370 3060 2601  792 1213 1222 2165
 2043 2330    5 1761 1131  411 2570 1096   62 2544 1130  942 1956 2185 3384 1882  871 1950 2410 2836 2259 1963 2648 2661  865 1745 2772 1869 3225 2150 2097 1373  278 1192   35  769 2323 3212 1765 3027 2079  719  194 2760  450  373 1002 2883  995 1263 2936  216 2302 3279 1134 3275 2878  341 1913
  162 1187 2446 3358 2383 1690 2831 1903  984 3086  908 1228 1358 1317 1685 2122  235 3430 2289  377 2744 2598  299  954 3229 1347 1436  103 2705 2436 2505  651  884   98 3442    3 2301 1361   68 3324 1122  167 2299  116 2881 3055 2819 1635 2945 2116 2483 1061 1604 2847 1194 2332  268 3168 1140
 1356 1006 2886 1739 1225 2433  546  273 1967  445  328 1132 2166  240  155 2874 2063 2873 1104 1349 1728 3437 1266 1874 2616 2810  724 3104  462 2754 2055  946 1233 3440 3089  684 1915 3308  408 2457 2898  405 1305 3285  598 3019 1826 2605 1518 1596  152 1250 2254 2824 1664 1493 3458 1653  446
 1893 2365 1065 2876  225 2190 2645 1706  439 1418 2871  106  668 3441 1152  559 3302 2769 2354 1429 2495 3136  567   96 1934 1515  976 3110 2033   49  337 1092 2114 1492 1697 3124   20 3252  880  148 2388 2303 1556 2992 2721 2173 1420 1450  156 2045 2241 3131 1953 1506  364 3097 2196 1257 2230
 2429 1988  231 1639 3354  945 3128 2771 2402 1897 1372    1  101 1029  543  339 2988 3220  893  915 1888   87 1200 3293  552 2588  803 2816  555 1752 1114  600 1665 1652 1039 2462 1202 2227 3159  670 2268 2674 3453 2859 3188 2620 1916 2504 1883 1986  319 1609  305  815 2607 3121 2673 1567  843
 3421 1085  345 2935 1129 1830 3176 2319 3210 3178 1958 1584  206  247 1850  458 2048 2963 1644 2675 1214 1120  515 2594  349 1090 2593 1463 1341 3457 3189   37 2296 2561  138 2791 1148 1512 1204  666 3029 1075 2635  350 3241  669  693 2460  448 2517 3172  749 2064 1043 1036 2890  576 2482 2051
  953 2533 1254 2920 2465  442 2232 1033   66 3073 2099  966  999 3246 1598 1056  190 1285 1154 3175 1242 2085 2493 1533 3022 3063 2658 1812  310 1280 1147  777 2277 1704 1561 1630 3165  687  645 1015 2261 1394 1726 1491 3383 3409 1143 3411 1822 1123 1999 1606  937 1038 2199  367 3258   58 3249
 2040  540 2746 2087  819 1930 2133 1433 2115 2700   89  745  362 1457 1993   65 3192 2699 1602  252 1498 2188 3014  694 2781 1825 2423  335  246 1952 1470 2047 3049 1060 3010  940 2778 1311 3316  943 1069 2788 2579 1791  662 1611 1151 1442 3298 1982 1530 2875 3456  312 1186  971 2720 1928 1489
 3393 3227 1182 2928 1212   77 2917 1975 1900  746 3269 3243  797  192  840 1027 2377 1755  570 1217 1062 2071  737 3257 1384  524 3100 2217 2057 2490 2939  175  283 1271  241 2510 1522 1700 2105 3185  303 3391 2000  509 1101 1430  396 1862  416  456 1693 1437 1968 2438 2885 3349 2026 3000 2385
 1554 3348 3472 1695 1336   52 1675 3002 2284 3413  315 1428 2832 1345  691 1688 2405 2138 3013  475  588 2719  775  351 2430 1198 1937 1786 3191  970 1248 2758 1763 3144 3213 1717 2919  209 1236 1246 1173 1686 1105 2288 2557 2916 2704  620  298 2175  453 1451 1836  317  222 2987  641  837 2894
 2187 2503 1455  440 2339 1103  671   39 2668 3340  813 2260 3438  242 1577  776 1365  673 2362 2726 1637 2266 2019  981 1111  949 2665 2013 3200 2619 1314  229 1319  675 2906 1588 1025  177 2066 3163 2476 2899  269 1896 1878 1879 3092 1629 1460  750 1684 1371 2857 2575  975 1040 2534 2262 2294
 3429 2034  965  789  496 2134 1488 1623 2657 2692  605  452 3359 1829 2068 2944  732 1646   33  424  772 1444 1300  354 2056 3039 1544  686  149 2191 3142 1944 2361 1566 1221 2018 1034  369 3064 2909  763 2458 3460 3422  572 3056 2039 1453 3361 1370 2565 1699 1376  809  759  179 3021 1978 2817
  264 3294 2315 3332  556 3371 1724  117 1106 1998 2511 1462  590 2702 2161 1777 1650  161 3201 2625 1088  151  839  592 1980 3198 3452  836 2574 3156 2734  888  314 1996  663  733 2409 2603 2979  689 2784  361  520 1521 2491 3088 3347  279 2951 1991 1328   71 1464 1853 3435 2585  751  811  297
 2156 1582 2469  817   36 3283 2222 1603 2666 2962 3401 2999 1094 2131 1333  993  338  863 3392 2349 1859  544 2118 2770 3160  909 3425 3471  948 1203 2344 3336 2514  801 1624  842  528 3339  560  286  357 1251  186  355 1443 2449 1167 2531 1983 1083 2239 1076  652  587 2834  933 1877 1972 2474
  563 1426  980   24 2938  692  233  434  979  802 3047 2974 1380  583 3011 2815 2855  934 1948 1683   30 2225  561 2159 1171   23 1026  575 1940 2078 2838 3217 1932  485 1914  217 3343 3099 3251 1736 3141 2154 2930 2195   92 3161 3001  580  806 2513 2308 2709 1751  128 2111 1809 1279 2540 3390
  267  862  730 1834 1884  818  727 2927 1591  199 3232 3267 1074 1053 3292 1885 1284 2204 2194  729  510 2129 1500 2790 1330 1597 2814 1175 1519 2952   42 1389 2069  318 2141 3410 1180 1804 1016 3322 3015  874 2957 2333 1286  748 1764  744 1668 1876 2767  774 3007 2193 1789 3397  428 1732 2307
  715 3206 3147  526 3424 2447 3120 2214 1316 1073  263 1654  659  477 3096 1720 3278  460 2747 1813 3407  877 2494 1851  401 3352 2169  410 2551 2737  294 3262 1773 3174 2441 2651 2252 1475 1008 2037   31 2978  758  707  841  432  545 3153 2379 1044 2297 3366  846  239  313 2628  228  507 1456
 1718  793  910 2411  530 1416  368  417 2889 2716 3079 3196  114 3455 2250  320 2780 3470  676 2642 2340  504  443 2442 3045 3093  224  814  308   40  358 2589  613 2681 1524  415 1984 2765 1539  516 2839 3350  990 2639  533  212 1886 3187 2293 3043  201 1177 2452 2486 2507 3415 2152 1471 1499
 1586  129  171 1423 2418 2530  412 2724  382 1275 1137 2231 2197 3276  595 1136 2655 2113 1283 3087 1659 1816  853 1781 3071  120 3065 2697 2257  585 1397 1925   12 3355 2725 3057   32 2745 3084 2820  420 2710 2201 1439 2840  780 3107 1239  799  173 1297 2306 3303  419 1066 1694  586 2929 1595
 1327  608 2637   48 2900 2924   26 1817  390 3053  387 2915 1272 3115 2366  757 3270 1857 2858  461 2176 1184  912 2828 2877  870 1113 3066  974 1649 1962  710 3024 1256 2062  939 1641 2695  426  851 1810 2670 3025 1473   84 2895  427 1510 1536 3248 2434 1608 3069  495 3199 1339  847 2613  234
 1241 2499  277 2171 2609 2949  756 2851 1576  404  982 3367 2701 3023 2058 3166  365 1253 2398  741 3377 3231 2007 1403   34 2004 2360 2475 1048 2125 2101 1125  479 1543   56 3408 2147  205  532 2703  656 3152 1526 2270 1741  435  143   63 2316  762 2298 2553 1770 1099 1747  356 3233 1520 3329
 1409  859 1364  527 1792 3423 1124 2264 2711 1427 2735 1542  718  326 2967  327  921  423 2371 1080 2100 3072 3459 1231  131 1795  102 1872 3357 3463 3218  983 1411 2797 2854 1332 2492 3325  433  708 3216 1954  574 1185   22  904 1936  889 2688 3427 2632 2014 2569 3345 2728  474   41 1354  322
 2050 1252 2408 2713 1997  838  491 1901 2419 2707 2911  713 3382 2686 1146  568 2488  872 1164 2002 2623 1513 1344  636 2509  270 3116  890 2563 1912 2387  720 1969 2237 2042   38 1614 2336 2597  597  324  482 1774  644 2882  835 2596 2687  709 2287 2011  856 1402  785 2918 1655 2234 1837 3180
   94 2015  657 1621 2812 2723 2691 2995   97  994 3291 2109 2837 1839  421 3208 2280 2121  334 1383 1894 1943  150 3106 1196  736  731 2444 2835 2466 1082  483 1790 1011  700 2612 2331 1301 2300 1307 2096  502 1622 2643 1419 2921 2629   17 1350 2931  142 3274 2345 2439 1929 3080 1814  505  121
 2496 1127 1855 1478  876 1138 1351 1244 1669 2516 3304 1568 1404 2892 1721 3288  220 2005    6 2627 1964 1979 1617 3154 3070 2848 1058 1507  929  679 1548  950 3009  407 2391 1412 3197 2220 3395 1050  579  881 3412  956 2179 1709  534 2743 1421 3207 1382 2276  394 1226 1070  280  202 2870 2229
 1459  285  309  892 2989  287 3140 2576 2347  336 1648  213 2633  833 2539 2756  879 1445 2142 3468  752 1496  187  887 1396 1338  952 1657 3280 3282 2244 2982 2162 3050 1647 2925 2808  292 1708 1558 2404 2983 1863 2028 1803 2267 2124 3155  123  558  804 1771  998 3078  465 2489  702 1707 1618
 1910   93 1848 2537 2140 2435  153   50 2128 3342 2795 3434  486 1844 3266 1819  374  554 1555 1503 2038 1921 2088 1540 2209 3030 2592 2059  963 2571 2696 2522  886  955  779  664  290 2211  118 3012 2218 1021  830 3137 2473 1323 3301 1265 1847 1144 1115 1670  747  599 1334 1179 2600 3376 2130
 2969  542  470  878  565 2136 1846  902   43 2338 3031 2591 2975 1891 1045 1722 2093 1784 3157 2564  344 1375  621 1574  531 1677 1023 1787 3353 2748 1973 2811 1892  584 2246 2219 2865  444  629 2137  596  500 3244  653 3368  738  901 2684 1890 2652 3351 1992  398 2376 1563 2480 3195 1210  553
 3033 2580 1405 1158 2363 3431  716 1875 1466 2215 2554 2094 1680 2275 2027 2310 1807 3253 2145 3090 2164 1725 1899  682 3328  307 1199 1051  238 2573 2123  134  436 2036 3215  932  409 2012  472 2283 3464   82 3111 2203 1811 1100 3117 1019  311  927  471 2304 2798 2341 1898 1941  476  603   47
 3076 1434 2762 1550  788 1981 3306 1994 1369 1081 3183 1634 3388 2599  894  492  430 2158  395 1335  323 1093  825 2966 1974 1479 3335 2343  146   99   76 3040 3311   73 3193 2586 2279 2902 1671 1293 1738 3145 2327 2273 2084 1157 1181 1651 2809 1340 3444  525 1960  523    2 2542 1174   53 1935
  517 2757 1312 2135 2198 2282  170 2555 1481 2325 1005  992 3373  941  185 2189 1632 2893  589 1805 2292 2357 2132  996 1674  922  852 2248 2508  906 1679 1919 2956 2213 1881  547 1165   13 1831 2392 2753 2776 1534  227 2732 2802 2977 2850 2604 1447 1390 3003  624  754 1945  781 2025  468 2208
  973 1326 2305 2420 2160 1796 2481 3379 2075  255 2110  447 2174 1636 2415 3186 1195 3181 1395 3449 3133  677 2910  266  441 1028  885 2653  260  638  614 2912 1343  250 1495 2610 1987 1391  914  938 1691 2659 2384   72 1989  926 1159 2212  857 2321 2729 1309 2590 2334 3173 3151 2805  104  551
  869 1995 2568 1321 2841 2468 1625  306 2399  660  734 1528  198 2393 2823 2172 1918 2689 3417 1149 1324 1642 2422 2076 2742  795 1933  635 2624  467 3230  898  379 3296  459 2318 2080 1264 2324 2470 2183 1676  850 3035 1406 3044  962  208  944 2221 2024 1546  490 3446 2794  680 2031 1166  562
  717 1276 2143  366 2833  640 2228  753  633  607  499 1961  697 2120 3103 3419  457 2151   74  827  248 1209 2943 2103 1071 2793  650  243  503  399 2425 3265 3356 2690 1631 1084 2933 2342 2722  359 1592 1190 3109 1776 2611 2149 2519 1032 2764 3034 1749  648 3462 3119 1366 2524 2102 1189 2311
  438 2502 1357  541 3261  393 3074  501   69 3326 2718 2369  107 2403 1841  406 3005   86 2800  498 1211 2641 3450 2829  685 2278 1580 3234 2741 2067 2200  363 2845 1001 1207 2997 2787 1234 2649  920  632 1926 2309 1374 2224 1662 1024  372 2671 1385 3334  771 2646 2755 1689   55  828 1329 1119
 1687  601 1527 2980 1560 1610 1438 2119 2986 1842 1828 3256  582    8 3378 1133   78 2413  347 1483 2852  137 1832 2053 3224 1661  594  678 1047  360 1255 1779  480 2389  566 3167   88 2523   57  928 3169 3132 3138 3396 3048 2367 2006 1486 3038 1095 1593 1268 1355 3006 1472 1359 3046 1315 1904
  549 3454  348  623 1467 2923 3277 3250 2907 1547 2192 2846 3004 1889  342 1037 3295  705 1000 1923 1059 1422 1911 1400 2981  832  130  251 1849  987  743 2947 2558 1756 1955 1118  782 3318 1089 2560  529 1692  210 3402 1320 1638  913 3370 2984 1291 1517  770  548 1121 3365  787 1377 3077 2582
 1824 3400  823 1616   16  119 2472  899 2001 2904  191 1278 2818 3101 2414 2326 3068  512  244 3474 1531 3059 2751  340 1215 2583 2803 1078 3020 3297  699 2381  911 3290  184  604 1346 3263 1087  820   18 3445 2864 1030 2830 1441  431  111 2443 1971 2108  821 1388 1645 1387  302 2759 2356 1607
 1476 1823  931  875 3085 2390 2660  276 2801  988 1778  873 2380 1895 2348 2314 1551  919 3320 1022 2127 2479 1068  655 1821 3475  331 1208 2712 1201 1398  968 1843 1041  126 2416  723 2386 3203 2615  845 1562 2536  219 2581 2052  808 2448 1917 1673 2768 2500 3091  895   29 3333  816 2942  203
 2842 3337 2804 2346 1013 2822 1247  891 2312 1865  695 1800 2779    9 3067 2913  392   61 2914 2972 3235  371  897 3406 2459  654 2985  391  798  413 1723 3436   80  900 2484  849 2766  330 2922  959 2464 3102   54 2320  147 2891  249 1497 2630 2965 2487  115 2255 1304 2291 1425  389 1549 1446
 2235 1927  207 2350 2242  578   21 1907 2587  321  136  378 3259 2976 2073 1599  135 2647 3126 1277 1270 2355  105 1867 2243 2677 1920 3271 3122  375 1261  204 2991 2958 1237  627 2678 1552 1392 3105 3221  591 3281 3182  402 1922  245 1780 1504 2205 1545 1303 1845 1719 2990  214 1299  917 3363
 1219  293 3179 1348 3310 2897 3273 3467  215 1873 2941 2937  855 1620   45 1077 2395 2614 3330  253  539 2626 2450  383 1191 2008 1511 3075  182 2572 1477 1579  466  810 2251 2406 3247  581 2973 1572 2426  761 3032 1502 1308  237 3360  429 1116 2382  168 2731 1054 1014 3094  281 1672 1362 1750
 2245 1091 3083 1086    7 2971 2844 1742  384 2994  834  113  905 2996 2286 1290 2144 1866 2714 2456  165 3372 2953 1046  454 2265 2867 3098 3108 1318 2520 1783  612 2427   28 2866 2272 2226 2786 3418  609 1762 1581 1966   25 1432  376 2477 1759 1569  925  256  497 1696 3374 1753   59 1431 1537
 2964 1289 2669 2170  451 3327   75 3177 1818  786  991 1386 2821 2029 2317 1331 2868 2750 2940 1931 1601  288 2501 2954  343  400  160 2577 1287 3432 3184 2708 1782  658 1626 3319 1407  488 1448  577 1128 2046 2512  690 1827 2888  602 2685 2328 2157 3307 1838  139 1232  704   14 1360  722 1710
 2959  535 1605 3255 3268 1613  728 3305 1126  174 2550 2783 2070 3405 2622 3448 2178  866 2207  169  571 1678  665 3473 1205 1797 1660 2375 2621  449 2526 1656 3226 1468 2970 2880 1860 1516 2061 1702 2177  381 1852 1168 1487   81 1701 3190 1302   11 1768  183  221 1880  868 2163  907 1740  414
 1067  122 2825 1909 2471  332 3426 3287 2827  132 1009 2017 2869 2091 1575 1864  370  481 1306 1682 2926 3162 2454 3479 2529 2295 2856  141 3158 1135  930 2602 2180 3016 1887  110  218   27 1018 1224  864 2009  388  896 1957 1049 2139 1970 1835  258 1243 2269 2049 2715  275 2961 2274 2206 2353
 3469  304 2683  159 2528 1298  639 1109 1458 1142 1748 3204   51  521  254 1509 1757  630 1737 2763  166  986 3299 1363 1031  794 2098 2290 2562 1667 2453 3404 3240 3052 1216 2736 2337 2662  109 1754  511 1055 2364 2445 1163 1110 1188 2664 1612 2548 1856 3042 1734 3309   95 2903 1643 3150  145
 1183 3146 2608 1798   67 1474  972 1578 2730 1905  163 2606 2168  800  133 1052 2313 1155 2372  550  703 2775 1353  519 1767 1295  688 1743 1141 3433 1573 2663 1628 1619 3125 3387 3399 1449  867 1951 3314  489 2322 2849 2650 2545 2351 1401 3242 1799  768 3148  223  494  610  176 1785 2329 2373
  969 1858 2428 1590  637  125 2092 2424 2440 3135 3113 1260  760  882 2060 3129 2955 1985 1378   10 2417 1170 2863 2400 1541 2905  714   19 2153 1178  848 2525 2636  626 3414  711  289 1240 2640 1322 2030 2032 1160 3222 2682 2155  333 2785  766 1003 2182 3018  272 1273 1145 2796 2908  157 1959
  518 3239 3037 2948 3134 1902 2035 1161  178 1565 2567 1772 2210  487 1193  631 1259  188  422 1840 2010 1663 1508 1532 2717 3082 1589 2104 2090 1153 1538 1976 2694 3380  300 2672  261 2506 1703 3041 1559 1223  463  844  642  618 1600 2281 2584  418 1238 1908 1197 1802 2998 2054 1281 3344 2860
  960  978 1480 1102  725 1381  291 3300 2733 1072   85  783 3416 3139 1258 2595  226  985 2518 1227 3341  403 3439 2401 1681  755  593 1267  316  271 1633 1716 1108 1414 2394 1806 1296 2541 2117 1156 2634 1906 1169  353 2556 2727 1410 2515 2397 1760 3477 2799 3317 2368  860 3058 1484 2089 1938
 2467 2535 3478 2693 1220 1733 1870 1715 1557 2932 1535  619 2022  158  154 1666 2752 3260 2186  824 2656 1523 2003 2082 1010 2086 1854  765 2887  196 1727 2041 1282  805 2960  464 1712 2263 1564 2497  606 2578  681 3051 2547 1977 2358  916   83  144 1172 2240 1235 3346  924 1107 1711 2106 2184