 1866 3247 2805  132  973  700 3586 2878 3529 1084 3285  876 3223 2003 1323  715 1008  517 1777 2053 3486  561 1142   32 3406 1094 3057  537 1291 1462 1308 1332 1750 3499   53 1681 1671 3351 3556 2715  306 1726 2167 3092 3535  350  140 2122  177   54 3428 3143 2743 2733  144  428 3395 1206 1996  581
 3295 3312 1292 1022  175 1716 3096 1938 2055 1016 1219 2342 3550 2239 1270 2070 1235 1458  671  266  914 3459  760 3259 1287  897  884 2222 1628 1412 3294 3287 3199 2356 2900 2079 1375  268 3460  244 1299 1182 2434 2249 3091 1052  293  964 2794 3384 1399 2408  562 2481   20 2802 3098 1034  541  522
 1391 2625 3381 1148 3400 2190 2110 3029  421 1787 3483 2220  358 2048 3276  250 2032 1887  425 1537  255 2074 2355   33 2445 3288  138   23 1708 1796 3020 1037 2655 2958 2810 3300 1193 2171 1001  160 3380 1676  417 3441 2937 2748  968  630 1809 1295 1252 3487 1748  161 2012 1507 2371 1192  556 1025
 2777 1736   29 2565  150 2148 1011 2170  751 2219  805   87 2627  465  509 1476 3322  676 1342   38 3361  661 2307 1048 2207 1868 3087 1907  640 2919 3482 2253 1073 2971 2211 3220 1656 1514 2968 1145 2890 2537 3024 2325 2603 2254 2822  206 2502 1774  606 2465 1933  769  600 3128 2765 2463  453  510
 2327 1081 1905 3122  290 1641 3506  103  954 3011   13   39   70 2638 1536 1220 1258 1678 3255 2131 2983 1262 2351 2184 3012  274 2987 2774 3074 2407  620 3180  687  124  312 1577 2303 3411  977 1724  356 2600  711 3116 3504 2396 3297 2857  990 2978 2813  455 1378 1437 3123 2378  838 1100 1637   65
 1109 1892 1623 1679  668  779 2954 2928 2411 3280  713  915  641  183 1358  437  444 3478 1328  147 2797 2716 3390 1835 2701 1713  352  846 2406 2964  405 2673 2090 2237 2621  739 2326 2127 3131  708 1460 2177 1376 1330 3069 3452  249  149 2467 2365   47 2198 2783 3442 1961 1569  578 1383 3224 3007
 1703  997 1107 1923 1336 1264 1338 3076  503 1852 1310 3302 2153 1766 1966 1327 2333 3094 1082 3358 1886 2007  117  577 1955 1592 1348 1360  721  100 1160 3549 2866 2974 1224 1266  201 2648 3284  523  418 2549  617  240 2846  958 2479 3187 2904 2636 3104   16 2929 2196 3211 1523  622 2831 2386 2230
  757 1620 1578  748 1800  615 1549 1647 3163 1891 1416 1346  513 2517 3481 2896 1071   21  836 1406 3141 3085 2024 3019 3235  429  815  362 1344 1771 2459 1566  988 3369 2331  347 1650  975 3248 2139 1381 1940 1485 2492 3503 3028 2360 1740 3521 1150 2191 2205    7  441  714 1863 3188 2820  582 2251
  568  588 2446 2140   73 2414 3386 1853 2845 1425 3140 2764 2340 1246   49 1705 3190  878 1141 1959 1214 2656  575 2708 3536  814  481 2884 2528 2483 1036  790 1636 1822 2616 1558  871 1280  816 3062 1139 1379 3525  195 2909  212 3450 2755  216 1413 2486 3034 1945 1757  307 3253  375 1106 3519 1539
 2128 2174 2778 2130  173 3516 1079 2197 3090  908  545 2274 1181 1418 1839 1605  269 1654 2973 1819  246 3321 3286 1103 1199 2543 2329 2380 2218 3362 1356  488 2952 1440  533 3000 2809 1980  893 1888   37  750 1438  660 2385 3304 3228 2088  430  366 1781 2023 3017 2489 1387 1434  996 1255 1765 2121
  400  383 3205 2259 3095 1901 3050 2094 2288 1277 2125 1286  587 3110 2642 1337 1869 1629 2035 2836 1808 3500 1661 1645 1211 2550  631 2671  995 1735 3256  526 3574  845  883 2534  436 1402  719 3495 3583 2676  736 1021  789 2453 1788 1534  754 2179  413 1461  295 1691 1590 1785 1410 1752 2682 1953
 3330  251 2834 3346  435   62 1313   85 3581 3409 3508   30 1548 2321 3389 2442 2967 2096 3317 1672 2221 3343 2472 1240 1372 1922 2150 2615 3075 1319 1118  987  841 1404 3203 1820 1113  357 2736 1626 1936 2563 1202 1247  882  474  261 2425 2829  598  233 1137  933  243 3233 2117 1784  329 1519 3215
  433 2975  525 1960 2985 3172  932  141  323  557 3396 1918 2245  294 2675 1725 1455  907  701 1998 1077 3306 2001 3539 1989 1759 1276 1120 2168  106 3112 3576 1944 3118 2840 2367 2938 3591 2767 2293 2605 3564 1063  303 2067 3340    9 1055 1436 1201 2336 3149  489 1665 1630 1487  332  765  862  468
 2883 2732  940 2951 2119 1318 1260  734 3373 1667 1823 1191 3014 1450 3416 2014 3333 1979 2792 2063 1050 3475 2966 2512 1302 1846 2807 1398 3184 1371  775 2102 1152 1205 1799   75 1363  343 1040  629 1162  530 1544 2645 3213  344 2464  865   18 2556  692 3507 1608 1384  896 2920 2049 1707  300 2180
 2028  784 2294 1278 1471  939 2379  859 2255 2162 2626 1463 2258 1818 2789 1511 1847 1078 1184 1990 1049  726 3088 2257  690 3412 1657  319 1289 3108 2471  716 3164  559 1134   96 1573 1613 2272  125 1541  531 2137 3420 2995 2690 2041 2984 1230 2372 2135 1243 2886 1424 2506  398 2844 1453 1355 3514
  242  126  864 1883 3538 1158 3083 2193  911 3229 3051 3196 1320 1324 2457 3566  394 1553  461 2619 1669 2436  403  766 1533 3237 2115  335  747 1144 2941  585 1583 2440 2969  333 1017  998 1698 1154 2782 2129   59 3279 3084 2292  934 3494  839  472 2451  187 3497 2514  102 3002 3251 1860 2548 1983
 2727 2281 1482  595  270   71 1568 2914  491 2200 2601 3385 2520  555 1131 3191 1974  551  730 1397  499 2646 2804  142 2961 2244 1065  610 2706 1762 1023 2932 1496 2906 3283 2243  956 2547 3138 3100 2579 2172 2428 2357 1051 1950 1373 2751    5 1361 1194  496  322  906 2949  289 2999 3520 2377 1254
 3133  377 3345 3314 1968 1595 1114  950 1468  415 2013 2559  218 3398  245 3375 1473 3509 2426 3466 2757  667 3072   12 3474 1143  452 2532 2597 3158  327 2720  731 2957 1256 2038 2825 1642 2526  833 1456 3599 1298  154  560  688 1054 1392 1732 1827  571 2849  485 2678  647 2389 2163 3114  196 1098
 1122 2499  408  166 1274 2910 1879 3089 2157 1474 3119  459 1565 1093 3053  879  927 1331 1906 1149  989 2872 3212 3533  494 2449  554  866 1599 1110  550  858 1988  527 1701 3324 1579 2893 2988 1275 3202 2313 1186 2314 1942 3063 2187  969  778 1929 1872 2798 2398  923 1354 2004 1417  722 3492 3347
  237  745 2209  982 3183  538  651  611 1971 2097 3349 1875 2152  569 3402 1912 2204  697 1621 1516 2108 2566 1897 1351 1281 2571 1377 1494  970 2851 1920 3282 3307  642 1843 3588 1625  607  835 3480 3170 1924 1956  136  473 1615 1587 2363 2848 1249 1655 3299 2613 3033  900 3032 1919  423  390 1329
 1480  612 1119 2786 2051  392 3561  945  984  648 2837 1585 1744 3277  857 1311  137 3005  388  902 2496 2273  570  120 2143 1095 1284 1982 3370 2614 1597 2926 2692 3537  586  546 3120  590  346 2338 3392 1335 3044 2917  567 1325 2295 1792 3153 2753 2235 2381 2539 1699  447  819 2068 2086 1934 2403
 3434 2610  539 3422 2664 2665  512  169 3560  707  853 1357 1449 2572  972 3267 3052   17 3415  384 1441 2762 2652  451 2404 1528 1190 1123 1521 1469  834 3595 3311 1227 2677 3326 2077 2746  544  495  194 3181  889 1517 2419  164 2485  768  317  353  285 3350 2602 2036 1560 3079  928 2473 3201 1236
 1807 2154 1409 1257 3200  656  738 2847 2817 1472  621  583 3266   31 1207 1493  828 3545 2776 1477 3080  170  484 1813 2667 2745 1009 3334 1720 2410 2953 1532 2217  189  424 3472 1600  291   45 1836 1696 3023  576 2282 2628 2188 1067 2553  316 2950 2911  616  809 2702 1259 2210 3262 3457 2141 1209
   79 3553 3056 1779 1862 3193 1029  633 3006 1339 1570  831 2482 1976  479 1899 2989 1833 1104  256  511 1115 2002 1066  301  469 2060 1746 1695 1811 1926 2497 1429  339 3451  971 2869 2916   98 1451 3107 2722 2897 3246 1662 3216  758  224 3594 3258 1101  518 2291  966 2454 1175 3102  850 3558 1660
 3081  704  603 1074 2301 3455 3419 2545 1151 1033 3357 2477 1217 3296  219 3058 2285 2487 2488 2347 1484  976 1687  807 3522 1986 2942  528   86 1420 2156 1648  487 2808  214 1268 1939 3513  363 2335 3099 1195   26   14 1060 2650 3275  334 1422   90  729  753 2976 1878 1466 2620 1783 2416 3563 1915
 2524 2147 2475 1228 2668 3232   93 3596 3374  382  938 1314   60 2861 3540 2072 2856 2432 3035 1686 1999 1132 3036  844 2635  852 3580  706  414  795  963  185 2892  176 2394 2099 2787 1233 2719  967  205 2087 2374 1349 3542 3003 1503  396  265 2031  983 2992  378 1116 1794 3077  181  121 2576 3136
  305 2114  677 2912 2662 1522  486  386 3239  168  792  360 2466  935 3387 3403  349 1475 1173 2103 2529 1432 2935 1198 3219 1937 1125 1056  869 2106 2901  426 2535  401 2944  203 1981 2874 2039   61 3548 3399 1345 3543  217 3394 2569 3382 3169 1267  593  381  419 2803 1873  477 3410 1556 3166 1834
 2710  785  252 2561  163 2311  800 2044  888 3598 1454 2868 1244 2631 2552 2444  712   19  174 3496 2560  131 2525 2588  288  637  542 3157 1317 3461   10 1601 1789  992  188 1133 3171 1591 3192 2017 1006 1802 2544 3043 1821   99 3156 3379 2276 1861 2558 3446  937 2026 1555  904 1515 3515 3592  399
  638 1180  979  146 3064 2918 3214 2639 3344  318 1832 1401 1166 2703 2296 2076  813 1490 1903 3555 2271 3026   15 3359  272 2315 3337 2871   77  543 2111  109 1127 1087  220 3243 2581 3167  379 3049  929  258 1812  947 1856 3476 1916 2659  197  812 2075 2345  903 3236 1909 3182 2742 1076 1099 1767
 3501 2384 1683 2860 2511  105  756 2126  960 1263 2008 2227  337 1435  796 1547 3418  230 2306 3524 1682 1842 1053  827 2948  608 1390 3037 2838 2145 2182 1535 1902  627  594 2956 1688 3068 3230 1898 1914  832  558 3242  920 1949 1700 1415 1405 2972  885 2183  602 1043 1447  917 3491 2574 1870 2084
 1124 3484 2654 1816 1729 2779 2717  314  321 1638  619 1928 2275  483 1793  658 2109 2286 1341 2573  286 3227 1692 2262 1486 2882 3462 3290 2575  941  524  463 1604 3048  563 1702   41 3161 2734 2881 2714   11  974 1030  434  999 3021 2155 2824  552 1743 1086 3066 2450 2234 2158 3015 1763  171 2165
 2991  666 2175  771 3293 1841  826 2832 1972 3414 1502 2212 1554  260  236 2960 1526 3388 3587 1231 2189  727  179 3047  532 2963 2863   25 2959  798 2000 2043  208 1575 1586 1002  669 2433 2630 2270 3329  304 2309    2 1283 2019 1026    4 2510  104 2503 1305 3040 2555 3458 3589 1646 2955  566 1588
 3391  114 2839  625 1738  650 2513  200 3571 2582 1563  740  310 2078 1795 2828 1171 2441 1697 2996 1218  653  534 2898  912 2420 1088 1312  679 3126  804 3245 3383 2132  406 1153  395 1168 3336 1307 2169 3165 1108 3327  791 1908 2766  186 2649   48 3371 3348 3440 1058 3498 2723  229  412 1826 1997
   94 1874 1727 3479 1075 1092 1803 3413 1215  749 1135 2484 3175 1644 2101 3469 1753  122 2093 1232 1089 2395 1643 3493 1146 2136 3194  193 2689  397 2455 2149 2888 3159 1970 1498 2533  298  767 2589 1459 2915 2439 1509 1593 3238 1161 1430 1639 1992    6  267 2091 2027  454 2353 2409  520 2516 1602
 1994  101 2622 2760  959  209  773 2907  787  801 1935 2104 3197  894 1896 1663   35  674  909 3572 3004 2423 2594 2895 2781 2105 2322  870 1572  110 2835 1719 1728 2015 2146 3318 1072 1751 2623 1234   74 1010 1038 3577 3567  445 1481 1710 3189 3443 1045 1640 2567 1689  118 1364 3009 1831 2160 1164
 1047 3463  926 2609 3470 2730 1606 1844  752 1172 3206 2350  221 2780 1370 1543  351 1624 2399  325 1005 1562  918 3160  564 1845 2823 1580 2891 1768  880   72 2092  476 2011 2859 2855 2206 1749 3231 3178 2066 1380  184 3449  684 1136 2310 1253 1721 3152  649 2598 1395 1041 1890  686 2889  899 3135
 2402 3132 1444 3137 1178 1564  624  385 1488 1871 2761 3263 2586 2624 1607  599 2986 2812 1658 2876 1817 3523  464  818  536  107 3124 3319  743  810 2700  393   83  854 1452 3477 2981  605  703 3320 3105 2680 3437    8 1880 1670  308 1394  309  761 2059  952 1877 1261 2653 2826 3303 2523 1756  442
  634  439 2452 2644 2604 1619  466  492    3  628  402 2260 3308 2431 3101 1718 2400 3433 3241  723 1581  573 3055  772 2725 2672  822 2997 2698  755 1838 2427 2421 1651 2683  264  478   58  248 3264 1634 3130 3054  374 2199 1910 3430 1512 1635 2927 3405 2387  548 2977  297 3570  508  145  263 3145
 1359 2228  825  115 3425 2557 1237 2064  498  644   56 1551 2229  840 3404 1742 3186 2894 2801 1102  786 3423 3038  148 3109  156  280 3060  213 2203 2320  741 2391 3106 2763  799 1248 1157   82 3125  965 1561 1014  890 1159 1895 2788 2899 3565 2151 3071 2417 2923  369 2632 1857 1229 1271 1138 3331
 2330 2241 1715  422 3176 1854 2065 1666 2885 3086 1020 1584 2930  794 1557  407 2462 1673 1786 2037 3244 2522 1987  614  410 2390 2250 2383 2617 1967 2647 2100 1769 1414  672 1722  596 1039 2429  540 1189  572 3554 2554 1112 1027  328 2965 2830 3569 2587 2308 1177  710  782  663 1717 1179 2214 1991
 2737  635  431   51 1954 1518  342 3301 2738 2034 3526  861  943 3582   28 1117  475 1775  910 1904 3127  655 1958 2277 3070 2685  501 1156 1419  324  746 2924  411 2316 3471 2202 3271 3115  702 2382  780 2870 1943 1448 2752  793 2691  238 2112 2289 2519 2862 1773  867 2795  698 1798 3240 2233 1755
 2934 2593  877 3547 2843 1064 2194 2819   88 1525 3041 3207 3424 3025 1368 1506   68 1374  981 2666  985 1046  457 1321  699 1806 3541 1069  253 1446 2033 1290  675 1567 3585 2045 1169 1210 2695 2590 2478  695 2054 3502   46 2728 3417  905 2430 3254 1147  409  364 2772 2456 1352  689 2267  759 1680
 1894  380 2551 3316 3272 2287 2585 3221 3204 2530 2785 3198 1758 2280 1241  372 3427 1085 2711  781 2491  128 1464 1478 2069 1948  330 2461 1690 1930 1963 1559 2201  227 1365 1386  505 1362  847 3142 1772  829 2195  234  955 2176 2518 1733 3268 3082  320  130  387  851  462  873 2368 3438 1550 3465
  901 2902 2216  254  262 3397 2993  129 1734 2799 2364 3298  172 1814 2030   40 1864  584 2300 3456 2085  643 1423 3111 2057  283  842 1674  991 2905 2268 1431  821 2181 2591 3061 3366 2080 1389 2495 2082  190 3234 1035  427 2681 1900 3575 1858 3355 1513 2343 2704 1609 2443  155  239  368 2773  340
  326 2236 2841  535 2749  119 2979 2657  231 3168 1322 2373 2185 2062 3352 3252 2366  806 1741  497 1294  167 1830    1  182 2724 2215 1282 1411 2731 1840 3578 3030 3217 1745  678 3039 1495  776  957   80 2536 3421 1334 2071  440 2263 2509  113 1825 1739 2332 2166  157 2324 3018  892 2231 1439 3151
 3173 3250 2393 3139  942 2305   55 1885  709 2750 1582  490 2120 1527 1333 2354 2741 3031 2943   63 1272  978  159 3444 1951 2116 1859 1445 1884 3431 1649  448 2970 1653 1965  432 2747 1917 3426   50 2435 3278  728 2392  373 2242  504 1505 3270  763 1059 2401 1031 2607 2010 1780  470  502 1711 2388
  962 2903 3573  808  549 3354 1457 2982  500 1851   22 3265 1222  471 2290 1677 3356 1238  278   52 2261 2476 1530 1273 1576  891 2568 3310 2791 3274 2827 1492 1442 1685 2352  868 2936 3281 3353 1603  916 1165 1694  589 2875 3257  116 1927 2663 1121 2144  331 3530 1760 1196 1366 1709 2246  691  135
 2756  514 2298  276 2606 2850  302  162 3016 2422  299  948 3117 2769  626 1353 1538 3584 1385 2328 2415  345  693 3097  480 1396 2775  652 2696 1306 2098 3323 2224 3360 1015  645 1737 2759  946  152  370 3473  742 2266 1984 2542 1216 2879 3393 2020 1867  371  936 2376 2718 1824 1770  507 3432 2081
  777 1829 2651  580 2312 2578 2009 2564  735 3531 1288 3222 2784  718 1200 1618 1155 2947 3134 2469 2693  681 2304 1176 3292 1203 1465 1174 1315 3208  724 1426 2240 3261 1167 1764 2161 1612  460  592 1091  365 3338 2661 2921 2505  519  843  207 2908   27  521 2050 2040 2922 1316  931 2562 1024 3260
 2047 3534 2223 3144  515  913  165  670 2349   43 3518  895 3148 2178  601 3195 1571 1776 2346 2500  823 1500  226 3325 1684 1855 3590 2159 2735  338  665 1467  737 2134  837 2493 3008 3332 3401 1340 3179 1204 2370 2925 1369   89  202 1421 1250   76 2418  774 3408 2570 3328   24   36 2424 2583 1400
 1978  359 1491  863 3367 1524 2279  797 2025 2887  404  696 2584 2021  980 3532 1848 1408  134 1068 2541  591 1382 2362 1501 3154 1279 1617 1754 2133 2507 3527  228 1225 1714 3174 1350 2264 1973 3073 2052   42 3439 1596  222   66 2438 2852 2629 2913 3557  898 2739  744 2721 1552 1941 1140  849 2046
 2341 2118 1957 2853 2612 3593  953 3510 1212 3013  875 3517 2468 2670 2225  420 1747 1594 1791 1633 1197  820   78  944  922  180  961 2933  802 1668  848 3185 3045  199 3597  158   64 1044  192 1975  817  824 2864 3335  232 3568  450 1301 3309  482  516 2337 2679 3305 2811 2658 1508 3147  632 3341
 2480 2283   84  783  720 2842 2770 2608 1627 2994 1187 2318  108 1520 1297 1296 2413 2319 2186 3448 3010 2877 2694 1479 2709 2990 2816 3365 1096 1499 3225  191  416  788  547 1610  685 1061 1828 2397 1921 1611  127  296 2697 1130 3372 2521  153 2640 3093 3544 1003 1706 3249 1042 1126  636  646  951
 1300 1837 3453 1925  673 3488 2501 1223 2633 1032 2247  311  133 1614  271 2083 2980 2939 1723 2448 1675 3407 1993 2164  211 2299  830 2754 3342 3226 1893  111 1810 1782 2192  657   44 1542  348 2726  257 2213  949  921 1815  341 1097 2790 2447 1483 2358 1850  210 3001 3155 1000 3289 2643 1876 2515
 1170 3129 2504 1188 2232 1388 1347  680  683 3339 1326 3468  886 3552 1529  281 2437 2858 1969  733 1309 1964 3447  623  376 2771 3505  553 2494 2744  225 1693  287 2058 3177 3065   67 1704  925 1589 3551  354 1497 2284  204  223 2375 1285 2107 2592 2339 3150 3364   57 2945 3067   81  664 2815 1801
 2687 2269 1269 2248 1012 2123 2940 3027 1778  215 2865  391 2173  694 1712  336  770 3269 2595 3059 1111 1070 3291 2705 3512  613 2931 3209 3210  241 2006  456 1018 2712 2800 1913 3600  123  762  924  856 2005   95 1019 2042 1128 2056  367 1977  682 2641  446  565 3546 2029 2611 2833 2317 1631 1545
 1531  443 1226 2226  860  604 3078 3315  993 1303 2546 2208 1343 1213 1293 1805 3562  919 2073 1889  151 1185 2359 2686  292 1004 1470 1931 2361  275 2796 3489 1540  609  579 3464 1881 1251 2618 2793 1985 1790 3103 3485  259 2089 2061 1428  247 3435  313 3022 1080 2540 2016 1433 1632 3528 2490  930
 1208 3445 2238 3467  235 1057 1598 1946 1865 1013  803 2297 1265  654 2669 1163 2460 3218   92 1427 2768  887  449 2674 1731  662  872 2142 2854 2278 1849 3579 1393  732 1730  639 3490 1221 1804 1083 2814  855 2138  529  493 1304 3377 3121 3368  994 2821 1239 2334 2348 3376 1105 2022 3146  282 1407
 3378 2818 1659 1129  881 1546 2713  725 1242 2634   97 1443 2880 3162 2758 2707  139  178 1007  389 2323  438 3436 2873 3511 2684 1062 2580 1995 1574 1652  764  574 2660  597  467 1882 3046 2806 2458 2729 2599 2962 3363  284  279 2508 2531  811 2637 3559   91 2998  112  659   34 1664 1761 2596  986
   69  143  874 1952 2265 1489 2688  273 3313 2474 1932  618 2018 1504 2256 2113 1090 2577 3454 1403  717 2946 1911 3042  315 3273 2369 2740  506 1510 1947 2252 2344 2498 2538 3113 2867 1028 2470 1183  277 1367 1962 1245 2412 2527 1797 2302 1622  705 2124 2095  355 2699  198  361 2405 1616 3429  458