 1053 1321 3518 2864 3043 1664 2998 1377 1681 1199 2373 2010 2622 3508 3086 1397  962 2365  268 3327 3441 2335  279 1175 1378 2583 3547  680 2079 2321  204 2744 1494  141 2331  877 2546  729    2 2828 3371  390 1866  794 1341  592  434 2795 3283 2392  350  661 2439 3580 1749 2274  506 3141  417 3544 1252
 2765 1115  795   27 3321 2143  635  566 1324  447 3626 3087  766 1632  759  892 3670 3057 1349 3053 1984  715 1997  228 3033   63 1464 1209 2696 3091 2238 1646 2090 1958 3051 2984 3183  790  113  747 2056  335  243 1207 3311 2719 2619 2611 2992 1721 3684 2848  654 3306 2677 3703  961 1148 1727 2008  682
 2400 1364 2867 2166 1204 3342 1872  609 2041  667  782 1920 2899  298 1933 1090 3246 1071 1232 2854  166  299 3209 3294 1263 3611 3273  998    7 1683  419 3107 2983 1934 2291  707 1834 2655  501 2577  610 2241  628 2722 2340 1863 2680 1955 2104 3414 1810  719 2377  285 3272 1057 3614 2660  640 1906 1956
  445 3260 2130 1514 2969 3245 1766 3372 2635 3346 2498 1964 1828 2179 1246 3466 2958  240 1831 3135   95    5 3081 1726 3151 1644 1184 3106 3257 1392 1340  481 1277 2505  982 3647  531 3388   34 1467 1212  199  107 1821  733 3531 1772 2923  337 3092   73  254 1981 2346  495 2567 2154 2628 2162 1220 1594
  994 1754  800  814 2877 2239 1238  532  594  599 3583  562 1792 2786 3270  331 1129 2155  731 1759 2790 1879  895 2826 2538 2798  963 2202 3416 2882 1794  851 2395  252 2427 2858  162 1905 1133 3456 1897 1849 2700 3254  221 3641 3064 2481 1483 1457 1724 2569 3473  713  816   62   26 1642 2661 3302 3525
 3629 3020 3558 2430 2047 3594  902 3155 3648  522 3367  852 2610  312 2073 2631  979 2418 1577  826  644  321 3119 2525 1176  422  723 2695 1525 1104 1558 3040  272 3179 3397  197 1859 3679 1174 2691 1907   99 3077 1787 1288 2511  857  132 1136  144  806 1647 2163 2309 2025 3379   66  625 3658 2909 1546
 3037 1222 2868 3409 1120 1924  697 2833 1904 2055 1016 1211 2723  981 3572 1351  560 2359 2620 1114  700 3687 1753 1014  179 1539 2654 1284 1517 2703 3326  133 2252 3395  746 1605 1678 2881 1451 1996 1537 2837 1728 2471  494 2337 2746 1231 1428 3055 1347 2345 2762  553 1459 2667 2760 1355  229 2308  803
  270 1479 3189 1750  163  781 1508 1092 2642 3067 1077 1522  362 1801 1785 2549 2475 3705 2835 3339 1128 2885 2164 1070 1423 3158 1022 3009  139 1807 2585 1083 2748 1698 2460 3452  521 3539 2433 3256 2396  324 1264 1414 3521  246    4 3389  714 1100 1372  967   72 3114 2740 1856 2801  676 1650 2187 2743
 2597  576   31 3601  305 3019 1485  762 2165 1066 1422  265 3427 3252 1518  456 3288 1250 1023 2898 3144 1649  801 2980 1581 3305 2294 1690 1513 3063 1432  643 2053  678 2772  356  694 1779  596 2280  612 2296 2423 1994 1977 1701 2589 3066 3664 1791 3528 1061 1765 2609 1543 3267 1640  142 1620 1599 2925
 1196  187 2937 1063 1559 2322 2749 2403  579 3468 1304 2229  600 3261 1669   38  687 2424 2485  869  778  108 1975  734 3589 3363 3417  921  234  804 2283 1818  117 2473 2704 1768 3111 3354 3163 1391 2615  960 2931 1654 2318  658 3627 2361 3005 2686 2827 3170 1253 1668 2769  290  160 3203 1871  263 1098
 2103 3488 2407 1003 1020 3125 1368 1764  999 3284  698  699   17 1822 1155 1369 2230  266  454 1400  366  318 1239 2922 2208 3592 1388 2210 3491 3681 3646 3325 2341 3159 2172 1703 1854 3026 1710  959 3150 2028  552 2292 2260  862 2716  777 2328 1027 2348 1223 2410  306 3498 3148  425 2307 1233 2591   59
 1006  523   85 1180 2851  995 2314 2446 1439   45 1503 1607 2088 1763 3180 1757 3017 2379 3251 1515 1862 1796 3382  329 1748  833 2426 1890  847  330 3166 3147 2919  716  462 2658  383 1036 2036 2764 1804 1612 3698 1963  812 1670  796 1154 2360 3492 2831 2526 2515  870 1667 1455 3285 2323  127 3357 3530
 3069  706 3289 1403 1529 2355 1918 3196  793 3628 1168 2027 1660 3619 3606 2554 1096 1778  527  484 1590 3632 1775 2040 2499 1362 2393 1695 1606 3241 2981 1986 3472  660  900  507  343 1896 2758 1714 2663 2933  368  192 1786  771  158 3356  380 1809 2320 1086  917 1179  341 1625 1712 2668 3576 3451  775
 2863 1784 1280 1827 1402 1657 1627 1303  880  453 1602 1819 1985 1185 2186  633 2535  559 2810 1702 1891 2678 3410 2324 2856  486 2684 1987 2520 1736 1273 1316  189 3374 3538 2465  769 2255 2062  397   12 1478  841 1135 2228  725 2644 2717 2895 1830 3502 2086  904 1623 3584 3129 2247 3349  624 1542 2124
 1760 1160 1363 1843 2216 2729 2112  749 2825  946  161 2621 3235  492  175 1629  739 2789 3153 2261 1194 2429  201  130 2967 2767 3370  498 3378 1711 1519  449  839 2128 3540 3258  209 2524  115  941 1805 1111  906 2712 2539 3716 2727  748 2368 1633 2349 3453  112 3391 2411 1054 2242 3591 3124  340 2064
 2190  361 1676 2976 2004 1530 3213 1244 3693 1587 3287 2755  810 1469  811 2603 1337 2859 1472  125  968 2894 1685  901  854 2734  490  282 1634 2800 1085  104  673 3685  286 2706  558 1638 2911 2301 1969 3380 3460 1300 2263 2134 1123 1962 1845 3219 3136 1221 2908 3104 1049 2941  834 3059  690 1873  860
 3545 2076  241 1998 2523  757   58 2268 3022 1898 2417 3185  414 1042 2527 1367  889 1170  150  334 3440  280  691   76 3526 3527 1267 1468 3680 1454 1081 1237 3683 1247 3564 2617 1477  210 2930 2770   60 3355 2985  103 2699  886 2876 2626  377  182  918  529  403 2640 1480 3079 3328 3013 3010 3562 3304
 3088  302  799 2326 2665 1435 3457 2405  845 3146   39 3516 1641 1416 2681 1181 2315  438 2398  399  688 2728  830 1789 3585 3154 2153 1655  245  354 2634 2536 2907 1572 1203 2820 3142  974  525 3617  429 1959 2518 3312  496  838 2550 1008 2286 3368 1214 1899 2116 1568  220 1051 3613 2927 2531 1817  198
  503 1921  488 1677 1187 2815 3080 3515 3643 3012 1608 2137 2170  949  903 3350  180 1019 1146 2944 1078 3008  284 1360  514 2521 1600 2957 3315 2616 1526 1109 2330 1270 3240 2171 1722 2083 3280 2102 1500 2813  172  789  338  779 2193  344 1353 2259 3332 1183  899 3120 3249 1900  696 1357 2334 2081 2497
  953 1412    1  218 3478 3165  792 2002 1914 2693 2385  939 3434 3160  216  572 2584 1278 2371 2173 1153 3259 2450 1029 1157  126  342 2211 1935 3387 1635 3715 2753 2422 1200 2178 3633 1228 2339 2679 3264  972 3262 1166 1802  607 1982 3524 1417  407 2204 1050 1052 2354  730  242 3074 2816 1639  255 3131
 2005 3296  621 3418 1687   82 3710 1626 3429   47  642 3381  595 2019  309  530  938 2032  428 1502  927 3268 2380  924 1512 2708 3226 3688  835 1841 2838 2113  911  776 2873 3123 2794  176 1957  359  367 3504 3494 2563 3514 2167 1550  986  808 1225 1384 1659 2063 1993 3204 2650 3579 1241 1243  513 2288
   96 2441 1354 3660 3463 2724  371 2085  683 2556  632 1837 1235 2587 2649  499 3065 1026 2226 1842 1292 3665 1161  754  645 3401 1742  149  287 2212 1205 3211 2313 1487 2901  914 3070 1971 3431 3007 3293  155 1314 2240 1486 1740 2077   33  980 2494 1309 3610 3042 3503 3184  467 3651 1533  426  586  549
 3126  805 1636 1356 3169 2299 1287 1812 1948 3207  879 1662 1557  297 2251 2182  674 1150 3156 2632 2973 2468 2214 1719  831 1652  345 2070 2625 2302 2135 1294  650  100  442 2132 2714 2201 1717 2517 1585 1656 3625 2029 1415 1390 2938  219 2581 2020 2402 2509 2021   46  570  136 3428 2847 2358 3336 2224
 2478 2267 1089  476 1826 1490 3479  465  752 2253 1296 3403 1745 2048  190  735 1811  516 2949 3509 1269 1524 1527 3218 1744  524 2779 1358 3603 1584 3656  469 2443 2510 2732 2741 1528 2963 1033 1210  618 3486 1080 1534  840 1617  858 2169 3344 3194 2905   67 3220 2207 2939  890 2406  468  909 2600  978
  536 3279  381 2049 1177 3386 1398  561 2012  491 2042 3554  550  116  878  874 3653  894 2943 1058 1758 3323 1441 3678 2463 3474  292 1682 2484 2782 1869 1011  617  556  542 1774 1046 1583 1130  148 2778 2057 3221  948 2683 2522 2007 1580 3297 1816  106 3324 1815 3511 3171 2038 2119 1716 3330 1140 2857
 1431 2918  966 3048 2094  866  122 2965 2246 1961 2198  441 2225 1198 3058 3692  662 2657 2351 3187  256 1325 2131  509 1215  708 3700 1671  677  518 1882 3535 2129 3424 1596 3425  152 3390 2488 3704 2097 2872  626 2312 3122 2689  519  807 1844 2250 2046 3015 2254  605 1536 1697   54 1767  970 1258  460
 1603  647 3430 2910  430 1112 3004  360 2832 3624 2912 2000 2362 2757 1072 1551   50 1593 3247 2995 3331  147  443 2647  774 2215   23  535 2666 2959 2122 2108 2109 2445 2953  604 3412  273  206 1436 1305 3227 2830  672 3476 1339 2956  489 1917 2115 1484 2731 3560  865 2024 1661 1990   14 1382 1256 2329
 3027   91 2146 2768 3404 2627 3222 1713 1461 2176 3137 3300 1965 1735 2701 2486  546 2192  721 2993  786 3383  991 2080 1574 2756   42 2220 1332  815 2824  401 1352 1322  670 2256 1101  922   13 2836 1541  975  384 3448 2936 1107 2466 2227   32 2279  386 3602  551 3497  261 2258 2014 2502  881 2672 3415
  325 3308 1853  379 3682  598 1274 2300 2601 1224 3458 3228 1156 3713   19 2607 2382 1936 2690 3105 3642 1124 2713  508 1909  315 3274 2534 3301 1552  985  202 1326  822 2887  477 3637   75 3563  951 2935 3421  458  567  920  378 2952 2726  238   21 1474 1880 1839 2500 2421 3720 1696  224 2404  475 2637
 1301  657  829   30 2118 1283 2234 3075 3398 2438  950 2664 1972   28 3052 3145 2747 2623 1001 3719 1218 1310 1658  703 1188  347 2612 3712  247 1290  638 2792  223 1444 2774  582 2598  736 1462 2844 2181 1729 1068  154 2141 2652 3541 1317 3475 2516 2480  269 3358 2934  973 1601 2806 3174 2455  278 2777
  461  226   68 3622 2206 2803 1506  887 3423  912 1427 2662  363 2804 2970 2651 3489 2682  517 3295 3045 2961  958 2504 3016  411  679  181 2977 1149  288   48  913  668 2436 2932 2381  540 1578 2452 2467  510 3076 3631 2357 3031  259 2841 2852  684 2009 3609  928  728 1313 1039 1771 1213 3024 1835 3253
 2506 3569 2698  249 1674 3400 2606 2971 1075 1192 1824 2389 2891 3192  135 1940 3102 2818  613 2913 1295  738 1025 2865  651  277  608 1532   41 3002 2372 3493  439 3517 1342  988 1564 2075 3097 2235 2023 2093 2917 1860  418  118   18 1312 2921 3361 2819 2290 3162  573 2750 1840  409 2738 1171  671 1144
 1197  977 3661  943 2861 3496 2347 1586  821   51 1497 2084 1889 3635 3520 3030 1761 2659 1902 1864   97 3316  188 1951 1846  159  237 1915 2082 1691  710 3550 1328  611 1931 1992  450  825  629 2013 3298 3095 2929 1162 1320 3265 3607 1433 1820 2218 3003  310  332  844 1762 1018 3317 2149 2413 1573 3351
 1825 2289 2194 3393  931 1193 2799  828 3706 1091 3266 1488 2332 1609 2545 2710 2183 2561 1803 1926 3103  923 1545 1094  849  783 1850 3071 1359  124 1797 3686 3445 1289  563 1832 3195 1808 3662  131  705 1941 3353 1216 1928   35 1776 1276 3587  571 2461  164  718 3595 1790 2688 2964 1895  648  394 1035
 3469 1119 1040 2643  316  230 3025 2044  101 2236 2960 2529  548 3512 3112 2175 2675  504 3699 1302 1922 2456 1122 3286 2159  681 3439 2850 1597 2205 3177 1976 1881 2161 3701  872 1903 2542  195 2105 1913 1983 1380 1132  788 2464 2808  114 1538  652  235  464 3191  732 3186 2196  348  614  641 2001 3672
  630 1299 3405  843 1408 2127 2999 2416  987 3467 2968   52 2375  664 1592 1059 1901 3615   90  602 1673 2145  319 1773 2425 3532 3442 3392 2469 2095   53  773 2653 1814  717 3237 1291  616  314 2989 3669 1952 1888  327 3230 2996 1968 1242 1164  121 2188 2914 2773  541 1010 3385  855 2559  944 3006 2568
 1499 1937 3318  470 1448  294 2366 2133 1088 1178  622 1387 2555 2157  140 2117  784 2834 3711 1319 1002  420 2275  753 1521 1438 2367 2807 3577 1386 2593 2920 2697 1949 1421 3134 3208 2378  357 1505 2333 1738 2656 1800 1947 3313  373 1579  388 2618 2487 1095  798 2087 3413 1279 3085 2490  685 2276 2016
 2928 3062 1576 3140 1346 1365  466  322 3694 3216 2152  248   24 3495 2537 1833 1663  649 2061 1622 1549 1376   10 1700 1874 1106 3702 3109 1230  758 2633  885   22 3277   81  740  936 1343 3500 1141 2477 2558 1445 1013 3553 3485 2281 3612  933 1000 3582 3510 2278 1429  864 1206  817 3072 2669 2869  497
  692 2277  666 2123 3407 1675 3408 3433  404 1560 1535  587 3666 1799 1158 3621 1496 1471 3552  964 3566   25  253 2671 1885 2605 1855 3172 1055 2454 1892 3231 1015 1610  701 1234 1028 1861 3082 3032 1614 3039 2548  916 1653 1073 2705 2111 1944 3127  168  722 2342  971  957 3432 2926 1044  884 1595   29
 2557 1411 1093 3132  389 1259  547   11 1137 3242 1219 1555 3708 1648 2771 1227 2676 2496 2217  603 2383 2711 2249 1195 1374 2114 1942  891 3167 1575  257 1330 1145 2560 2737 1425 1813 1236 2733 2089 1598 3149 2761  848  123 3714  157 3090 2707  437  478 3290 2401 1836 3455 2721  402 1456 3128 2540 1406
 1189 2043 1604  275 2843 2414  984  606 2482    3 1679 2282 2199 3365   49 3116 2158  203  689 3303 3450 3157 3549 3697 3411 2503  165  545  485  868 3338 2244 3444 2566  867  702   98 1567 2399 2200 2034 2951 1268 1643 1394  820 1470 2184  802 2350  276 2590 2374 2078 2580  656 1298 2849 3548 2054 1561
  416 3181 3190    6 2812 2674 1980  898 2578 2397 1163 1870 1452 3036 3011 2018 3426 2222 2507 2759 2775 2140 1798 1449 3618 3555 3542 1706 3604 2319 2369 1562 1345   84  387 1437  138 3056  480  695 3608  145 3083 1858 1481  119  207  303 3435 2495 1929 1169  431  764  976 1501 1970  262 3345  214 2571
 2966  564  720 2311 1511 3029 2147  353 3049 1226  915 2195 1017 2011 1401 3506   88 3483 1399   69 1507 1510 2903  780 2636  584 1116 1041 2955  871 3018 3000  665 3133 1151 2994 3499 1591  482 1708  574  832 3041 3271 2035 2451 3269 1999  111  659 1684 2736   70 3292 2474 1447 3096  352 3616 3348 2060
 3675 3436  473  827 3193 1769 1048 2950  819 3588  526 3035  997  400 3376 1960 3366 2459 1876 2065 3599  947 2751  137 1282 1424  853 1829  382 2391   74  436 2564 2972 3314  591 1618 3291 1911 1045 2594  364  296 1327 3014 2817  597 2788 1553 3454 1699 2624 2394 1466  686  451 1383 2327 2262 2107 2069
 2673 3340 2156 2059  440  823 3677 1570  271  856 3061 1588  842 3690  395 1751   87 2874 1988 3359 1615 3644  339  539 2528 1087 3352 3519 2101 3709 3093 2316 3533 1060 1131 3038 3718  791 2106  293  320   36 3232 1565 2338 2298  512 1430 2592 1927 3214 3121 2271  919  167  370  704 1715 1297  156 2325
 2447 2845  627 2742 3168  186 1693 2978 1877  174  797 2293 3640 1262 3574 1190 1848 3406 1172  346 1032  432  956 3399   37 2915  755 2954 2120 3307 1065  557 3537  925 3482 1739 2809  637 2058 3597 1426 1257    9 3484 2442 3578  301 1460 1024 1672 3654 3513 1651 1395 1752  634 1009 1143 1569 3507  463
  236  818 3178 3438  183 1069  250 3394   79 3593 2638 2189 2862 1113  653  873 3281  929 1138 1989 1943 2987 3130 3575  952 1523  993 3568 1329  196  448 3570 1139 3596 2415 1370 3650 2974  727  940 3182   57 1147 1167 3652 1995  274 3143 1692 2551  578 2886 1868 2840  751 2739  850 2185  932 1249 2855
 2823 3464 2273 1893  393 2766 1272 2645 3238 2784  281 1637  737 1191 3546  743 2530 3717 2352 1619 1516 1446 1152 3556 2317 3364 1912 1286  213 3215 2646  875 2096 2139 1410  459 1887 2776 3233 1611 3084  663   40 3198 1894 3565  205 1117 1806  405  955 2437 1730 1118 1165  446 1731 2781 2586 1453  129
 1974 3110  317 2092 1440 1725  905 2574 2988  208  251   92 2893  837 1373 1923 1031 1624 3620  712 2233   94 1043 1925  756 2390 3205 2031 3320  505 2896 2745 2453 3335 1379 1966 1182  581   86 1492  631 3118 2588 3188 1371 3446 3099  942  990 1910 3094 3462 2472  954 2030 3623 2702 3021  421 2270  883
  760 3362 3689 2408 1680  105 3377 2687 1103 3199 3600  173 2514  433 2541 2305 2846 1361 3375 2582 1005 1450 3046 2098 1350 2725  311 3239 3054  169 1285  194 3100 2573 2336 1531 2879 1275 3465  907  744 3001  308  328 1458   15 3244  863 3674 2144  258 1318 1173 2501 2596 1548 2483  528 1056 1047 1142
 3636 1547 1631   64 2562 1404 1261 1338 1315 2543 2900  412 1689 3676 1732 2384 2448  992 3673  589 1413 2444 1884 1102 1756 2780 1755  511 2039  396  543  554 2492  861 3598  391 3369 1105 2420 3480 2045  225  537 3459 3638 2110 2552  709  580 2388 3047  724 2209 2432 3671  455  376 1932 2814 1704 3225
 3447 2074 1520 2785  349  424  333  307 2947 1795 1978 2979 1265  289  171  619 2871 1084 2213 2142 2575   83 2904 2099 3108 1733 1159 2412 1465 3117 2285 3322 2033  996 2730 1375  313 1783 2860 3234 3243 2924 2906 2370 1251  770 2440  515  143 1348 1407 2512 1012 2853 3586 1381 3201 1886 2462  415 1718
 3341 2880 3522 1788 3175 1293  392 2604 1229 2221 1945  211 3176 2942 3282 2476 1746 3551  846  178 2533 2493 2353 1509 2916 1064 1110  408 1973 1186 2125 2802 1865  102  471 1709 3481 1613 3275  809  239 3023 2783 3276  655 3224 1021 1308 1385 1493  291 2203 1747  232 1852 3098 2248  134 2245 1504  965
  283 2022 2718  217 2491  372 2428 2796 3309  146 1366 2519 3229  745 3639 2735 2003  110  908 1743 1847 3561 2138 2821 3490 2641 1255 1851  260  620 1741 1630 1248 1967 1838 1857 2892 3543 1563  323  742 2639  365 2479 3152 1777 1919 2547  264 1723 3236 1908 3060  435 1473 2614  375 3634 1208 2356  750
  711 2026 3645 2091 3691 1271   61 1074 1737 1420 2888  910 3161 2990 1589  483 3347 3200 2692 3696 2458 1336 3223 2787  646 2629 2297 3337  109 3319  358 2613 2754  222 1953  244 1489  583  726  479 3630 2287  215 3360  398 1034 2576 1240 2975 2006 3419  937  741  355 1266 1344 1062 2219 3571 1396 1245
 1442 2544  406 3505  193  639 1307 2897  474  472 1260 3477 1463 1405  212 1979 1007   93 1720  601 3668 2168 3402 2265 2875  502 1770   65 3707 1443 3210 2284 3334 2017  585 2269 3278 3164 3343 1393  374 2889 2793 2457 1556 2148 1938 3590 3248 1666  588 1498 3073 1067  593 2409  500  185 1331 3659 2121
 1004 1126 3581  191  577 2435 3217 2037   55 2948 2715 1688 1628  520  813 2982   56 1540  575 3663 3470   78 3197 2884 1883 2232 3384  675  120 3202 3649 1582 3263 3028   43 2532 2174 3310 3034 1108 2449 1665 1686  693  427 1125  787 3667 2419 1099  772  763 2763 2839 2015  385 2067 1782 1333 2595 1991
 2050 1694 3559 1475  227 2842 3471 1916  153 3422 3557  669 3567  615 2386 3573  267 1950 2257 1875 2890 2100 2470 3605  304  184 3501    8 3050 1389  767 1409  945  170 2066 3373  413 2272 2946  534 1082 1946 3250 2694 2570 1491 2266 2829 1334  533 1030  336 1476 3487  233 1281 2870  636 2150 3068 1038
 1335 2052  888 2387 1554 2376 2986 1939 2602 2883 2805 2343  824 3396 3657   71 2364  768 2489  300  487 2237 3115  859 3461 1311 2630 1418 1201  444 2579   44  623 2797 2051  761  423 2306 3721  983 2945 1705 1134 2177 2902 1217 2670 2431 3113 2243  934 1434 1254 3449 1127 2223 1482  930 1954  128 2599
 2310  351 3044 3329 2151 1621  410 2508 3695 2304 1734  590  151  568  326 3173 1079 2572  177  452 2180 1878 3523 2866 1495 1037   80 2997 2513 1793  765 3206 1121 3089  555 2295 3299  565 2553 2709 1707 1323 2752 1544  200 2068  989 2878 3420 1867 2303  926  969   77 1780 3437 2685  231 3536 2231 3534
 1645 2136 2434  897  369 3139 2363 2264  457   89 1930 2991 1419 1097  785 1781  538  896  295   16 3138 1823 2822 2565   20  544 1566  935  876 2608 1616 3078  569 3101  493 2940  882 3655 2720 2344 1202 2160 1306 3529 1076 1571 3212 3255  836 2791 2072  893 2962 3333 2191 2811 2648 3443 2197 2071 2126