 1097  614 1619 1118 2000 3751 3959 3730  338 2600 2730 2391  629 2849 3757 2652 1021 1916  518 2435 2655 3896 1276 1109 1488  986 1030  783 1668 1259 3692 2034  561 2936  847  368 3037  556 3787 1946 3710 3167 3333 2218 1354 1831 1054 1843 2723  385  408 3623 1591 1404 1609 2690 1724 1794 1715 2213 2284 1287 3457
 1191 3565 1739  777 2147  932 2378 1688 1613  695 2164   35 3148  268 2270  288 3569 2086 1497  313  558 1625 3469 2080 1998 3518 2684  132  732  239 3801 3165 2113 2595 2538 3280 2943 1261 1116 2107  820 3437 3261  231 3349 1171  414 1227 1458  483 3727 2813  354 3862 2758 2096 2742 1836 3956 3741 3529 3426   47
 3649  435  588  708 1652 3577 2236 1476 1978 3415  984 2169  448 2058 3295 1832 2369  403 2620 1705 1955 3289 3504 2574  668 3393 3909  652 2448 1114  412 3617  631 1517 3235 3574 1005  106  593 3007 3889 1093  360 3360 1742 3936 3044 3778 1385 2796 1303 2017 1291   15 1463 1011  636 3775 3602  977  309 3471 1002
 1863 3316 3126  512 1197 1490 1311 1540 1692 3860 2672   90 1826  810 2287 3925 2721 1418  807  579  405 1577 1541 2009 3523 2469 1598 3312  970 3500 1918 1884 3419 2097  356    9 2335 2228  143 1853 3689 3509 1365   58 2233 1780  770 3460 2222 1451 1811 3734 3458 3287  165 3020 3484 3006 1380  942 3731  734 1578
 1425 3244  506 1096 2329 1925 2321 1844 2437 1957  251 2089 2899 1544 2359  754 1392 2229 1736  788 2512 3482 3324  765 3549 1073 1953 3014 1533 3358 2520  784  780 2937 2121 2151  211 1982 1032  615  222 3342 3724 3323 3567  792 3046 3547 2182 1129 2226 2873 1759 1147 2931  477 1224 1241  771 3438 2061 2779 2433
 3561 2745   99 1027 2599 2632  620 3503 1539 3593 3776  254 1681 1205 1530 3726 1278 3785 2668   38 3735   27 3537  283 3050  644 1119 2294 3635 3738 1976 2482  592  258 1566 3733  508 2548 3650  249 2959   88  701 1865 2498 2788  879 3615 1063 2174  589  630 1959 1940 2168 2386 1793 2940  529  325 2978 3394 3311
 3128  541 2022 2559  703 3855 1974 1457 2267 2048 1015 2172 3273 3228 1402 1857 3028 3158 3874 1146  739 1235 2869 2864 3908 3809 1979  156 2100 3175 1218  905 3151 1467 1210 1506 3910 3462 1821 1565 2158 2314 1977 3687 1302 1452   51 2925 2831 1379  684 1854 1582  542 1975   81 3260 1034  134 2439 1260  989 1389
 1671 3483 3062 1796 3882 3058    6   14  387 2296  208  637  823 2400 2660 3084  943 1941 3743  521 1935 3117 2950 2018  543 2862 3174 2577 2992  215 1572 2101 2290 2309 1049 3359 3521 2175 2573  237 2104 3030 3682 1223  332  880 1281  136 3619 1956  789 1162 1749  142 3876 2375 3871  226 3281 1683 2344 3636 1494
 3886 2362 1943  140 1271 2199 1042 3246 1016 1922 1875 1180 2743 3018  247 1182 3111 3839 2521 1298 2460  834 3164  446 3672  638 3193 1760  166 3310  613 3371 1552 3409 1090 1624 3307  221 3943 3723 1804 1575 2444 1584 2593 1196 3455 3604 1135 2883 2989 1510  240 1986  923 1384 1134 2029 1825  266 1847  885 3227
 1737 1072  520 3337  363 2768 3142 2835 3931 1768 3611 2153 3354 1094  392  658  517  696 2142  850  612  581 3203 2823 1085 1764  316 3177 3032 2165 3890 3632 1045 2464 3011 1859 1211 3348 2197 1055 2307 2387 2225  252  811 2929 1462 2475  353  304 3097 2711 3144 3795 2124 2751 1353 1661 2171 3258   36 2449 1590
 3815  859 1989 1569  946   95 2501  253 3157  188  348 1790  791 2196 1802 2938 3828  731  948 3154 3375 3659 3797 2065  582 1538  117 3792   55 1376 3575  564 1142 1069  264 3837   18 2866 3350  159 3844 1816 3667  899 2417 3381 2845 1437 1036 3819  713 1775 2621 2863 2853 1333  227 3684 1163 3398 2398 3060 2708
 1720  413 3196  319 2447 2547 1279 3450 3634 2810 3427 3881 1657 1996 3214 3918  116 2179 1255 2353 1448 3163 1383  719  619 2778 1309  128 1901 2596  961 3653 2729 2603  635 3009  744 2953 1364 3048 3207   10 2522 2794 1232 1076 3597  473  502  536 1188 3814  209 1938 3357 2667 1481  833 3217 3268   41 2699  840
  690 1371  939 2238 3870  548 1331 2051 3291 1174 1725  973 1105 1782 1296 2461 2044 2176 1529 1732  372 3704 3027 1074  675  530  201  175  495 3224  915  944 3459 2279 3425 3343 2126 3159 1179  845 3434 2631  761 2352 2683 1678  768 3332 1424 2313 1985 2216 3603 3836 1228 2896 2422 2580 3628 2537 1123 3340 2808
  148 1967 1787 3405 1970  762  178 3903  786 1840 2138 3793 3132 2472  161 1421 3964 3012 1143 3186 1602  281  401 2782 3709 1680 1785  177   28  514  726 2503 2150 1113 3091 1265 3576  920 3878  607  785 1907 2095 3532 3688 2753 3292 2262 2208  255 2130 3879 3253 3025 1743  710 2045  532 2914 2519 1408 1111 3053
   13 2569 3722 2524 2949 3077 1747 3299  904 2572 3899 2349 2323 2069 3140  574 3057  664  550   34 2868 1043  839 3114 3479 1750 1086  733  657 3121 2712  461 3074  158 1653 3850 2499 1595 2423 1349  841  736 3496  449 3385 1799 1446 3036 2059  568 3580 1806  979 3853 3905  453 1050 2099  591 2361 2496 1062 2506
 2923 1550  674  793 1923 2268 1627 2220  608 3408 2803 2762 3024 2445 3700 1733 1103 2167 3940 1219 2373  750 2337 3016 2364 2507 1525  369 1167 2191 1378 1300 2648 3873  632 2919  113 3212 3259 1310  560 3945 1773 2084  965 2347 2838  597 2356   84 2004 3219 1687 2163  983 3015  505 1314  261 1112 3664 2935 2511
  893 1824 1727 3626  200   56 2851 2725  934 1023 1659  367 3519 2459 2558 3791 1882  565 2479 3172 3429 1676 3466 2885 1718 3967 3119 1511 3946 3645 1217 2108  396  933 3242 1305 1961 3160 3161 2154 1682 1842  763 2014 2673  389 2804  393 2465 1897  131  395 3865  887 2552  213 3546  846 1244  758 1611 1132 3644
 1658   53  867  623 3040 3187 2671 3934 3752 1164  380  394 3189  829  562 2021 3139 3247  400  818 1465   45 2144 1257 2961 2867 2363 1971 2583   60 1417 3213 3116  271 2451 3624 1908 1066  753 2637  419 3779 3588 1556 3705 3629  411 1484 3296 2798 3541 1765 2535 1367  345 3875 1138  111 3245 3101 1869 3071  327
 1125 3087  606 3099 2116 1531 1201 2106 3129  311  935 1512 1362 3414 1229 2928  488 3013 3138 2995 3200 1698 1758   37 3857 3304 1403 2001 3494 1774 2719 2706  616   26 3477 3558 2367 1730 2772 2292  687 1744  853  445 2689 1892  578 3130 1324 3150   21 3830  416  186 3319 3069  335 3364 1345 1307 1459 3525 2273
 1348 3428 1969 2383 1004 1070 2094  594  837 2840 1438 2626 1133 3898 3759 2611 3034 1697 2440 3831 2020 1213 3807  941 2023 1958 3907 1363  751 1079 1352 2010 2865 2892  544 3621 3321 2809 1414 2646 1770 2554 1496 2824  425  326 2757 1482  105 3947 3000  866 3102  357 2764 1694  653 1168 1262 2563 2970   80  320
  680 3305  868 1756 2133 2408 3772 1558 2806  349  821 3382 1968  707 1308  706 1669 2968  507 3563  112  755  683 3601 2861 1356 2763 2534 3279  493 1706  738  474  967 2418  950 3366 3120 3137 1630 2452  802 1474 2702  938 1012 2112  535 2217 3453 3068 2181  572 1089 3088 3517 2271 3821 2278 2003 3402 3086 2805
 2455 3707 3782 3745  640  224 1426  234 1814 3883 2789 2054 2002  292  424 1088 2026 1200 3524  406 2141 3665 1734 1357 1140 2761 1636 2481 3003 2263 3673 2592 3651 2244  621 3939 1479  183  888 2625 1498 1752  423 3495 3059 2647  711 2390 2605 3190 2012 2476  260 3234  245  205 3220 1731  160 2734 1890 1439 1888
  418 2036 3156 3029 2500  172 1144 3072  715 2958 2832 3661 2494  907 1327 3031 2085 1729 1176 1695 1767  203 2302 2664 2074  531 3038 3395 2977 1413  297 1006  609 2159 2905  427 2889 1813  749 2893 2050 3388  990 3218 1460 1154  464 3935 3249 3729  781 2748 2491  534 2320 2575  779  450 3149 2735 2043 2420 2145
  378 1689 2450 1633 3206 1344   69  230 1487  526 2553 3639 3022 1022 2039 1256 2281 3572  181 1549 1815 3625  149 2816  596 3922 2348 2799  584 3082 2874 3052  925 1269 2945 3373 3638 2615  262 2802 1071 2991  876 3536  949 2842 3004 1635 3557  307 1691  187 3962 3694 1316 3090 1645 1641   32  725  954 2134 3599
 3223 1903 2328 2710 3446   92  872 1035 2156   76  882 2815 3238 1335 3662 2066 3076  610  259 2897  756 2067 1253 1936 2516 1370 1267 3813 3966  972 1198 2235 1679 3384  267 3622  727 2272 1798 2376 1648 1852 3587 1721 2221 2319 3701 1396  566 2365 3185  975 2909  901 2670 1603 1318  462 3112 2792 2996 1769  832
  337 1984 3105 2976 1273 3610 3171  382 2581 1226 1336 2243 3685  891 2770 2161 2486 2584 2963 3924 3671 1579 2607 1209 1254  971 1950 1387 2972  486 1220 3901  467 1991 3699 2132  743  199 1534  390 1880 2894 2791  155  671  649 3306 3106 3674 3754  179 1212  432 2921 3440 1643 3379 1696 3325  144 1741 1839  174
  138 1141 1128 3078  864 3293  705 3698  863 1849  538 1342 2644 3669 1553  782 1993 1440 3600 3954 3422 1166 2677  947 3740 2728 1701  808  694 3803  135 3108 2078 2694 2219   93 1537 1375 2466   87 1614 3548 1776 2289 2037 3230 3095 1041  101 1250 3491 3155 2495 2125 3449  611  812 3725 1990 1623 2370 2911  567
 3953 3893 3267 2291  875 1330 1359 2601 1631 2681 1735 3846 3153  645 2382 2771  712  244 3021  451 3630 2713 2032 3646  951  985 2371 2274 2908 2318 3502 1299  386 3136 2341  447  752 3047 2355  120 3251  479 3035 2555 3841 1098  927 2907  940  273 3463  824 1962  422 2833 3336 1543 1422   46  686 3451  689 1018
 3083 1450 2203  235 1137 3915 3637 2395  238 3110 3122 1343   25 1690 2776 1008  509 2425 1830 3252 3906 2204 2227 2402 3605 2230  243 2207  295 3313 1323 3887 1411  417  577 1707 3365 2850 1216 2351 2006 1136  197 1158 3416 2957 2143 3586  207 3476 1121 3520 2787   86 2872  391  191  627 3716  895  924 2828 3696
 1834 1412  233 3073  377 1557  528  873 1548 1615 2427 3652 2754 3080 2068  871 1046 3403 3736  515 2184 2493 2597 3794  256 1169 1983 3749 1245 1860 2223 3590 2944 3492   67 1607 1800 3170  835  407 2458    8 1222 1433 1233  826  420   17 2305 3501 2340  114 3512 1728 3712 2630 3472 1945 1674 2876 3092 3554 2916
  794  625 3197 3169 3816 3341 3377 1393 2286 1100 2152 1501  966  498  436  434 1243  510  641 2541 3560 3191 2484   30 1564  825 1673 2166  795 1377 3598 3256  978 2325 1338  365 3485 1921 1808  685 3002 2696 3643 2536 2910  804 3248 2942   54  955 2527 3693 3508 2194 3511 1294 3181 2933 1889 1091 3433  911  656
  555 3420 3284 2487 1456 1885 3902 2688 1789  379 1848 3614  809 2098  109 2797 3812 1065 3432 2826 2650  533 2934  842 3927 3361 2975 3606 1587   97 2987 1368 3201  552 2285  838 2638  598  487 3845 2298 1704  126 1236 3833  121 1838 1514 3675 3443 2384  107 3681 1629  884 2685  398 1386 1449  688  960 2783  667
  827  624  269  801  693 1493 2149   75 3195 1647  374 3298 1240 1596 3711   78 3796 3714 1215  930 2025 1038 3955  384 2410  169 1703  503 3468 1106  290 1059 3542 3265 2115  650 3231 1616 3656 3430  670 2339 3473 2858 3938 2715 3399  123 1876 2253 1290 3290 3493 2769 2083 3718 1963 3327   59 2732 3461  992  894
 3274 3510  889 2211  150  279 1914 1350  639 2658 2550 3410 1605 3842 2955 2785 2139 2190 2394 2543  441 1406  352  724  787  916 1150 2965 3851 1795 2076 3912  321 3929 2157 2137 3582  778 1373 2525 1252 2585 2342 2478 3551 1382 2232 2679   20 3283  287 1272 1675 3897 1007  330 2514 1332 2924 3497  444  926 2682
 3530 2703 2571 1117 2980 3805  999 2316 1772 3784 2090  898 3240 1061 2807 2643  366  212 1178 1206 1491 2024 3916 1555 1204  103 2430 1518  219 3806 3592 2049  557 3079 2610 2185   62 3583 1640 1829 2415 1895 3417   68  204 1274 3941   79 2882 3641 1547  429 2354 1685 3748 1159 3188 1301  903  716 3178 1313 2988
 1620 2252 2393 2505 2429 2765 2750   50 2016 1317 2389 1666 1906 2210  654 3616 2657 1319 2055 2357 2727  663  324 2368 3578 2467 1322  806 2608 1047 3205 1443  814  104 1247 2282 2811 1642 1872   64 2193  151 3066 2830 1120 2839 3480 2343 3818 1649  351 3969  860 3680 2749  404 2540 2901 2898 3770 1102 1165  857
 3378  919  913  454 2295  339  936  157 3184 2480  206 2397 1516 1115   82 2906  318 3498 3294 2903 3728 1080  851 2705  661 2614 3315 3917 3822 1612 1505 2187 2756 3107 3277 2879 2214 1939 2488  129 2932  998 1898 3367   72 3758 3739 1471 2986 1745 3431  331  484 1033 1536 1486  275 1913 1329 2103 2561 3103 2428
  383  855 3152 1427 3678 3499 3666 2598   29 1237 3075 2509   63 2303 1454  147  277 3786 3780  718 3737 3096 3442 3811 2736 3880 2691 1139 1651 2248 1973  108 2334 3275 3436 2224 1361  595  216 3369  415   65 2405 2616 3278 1435  937  478 1017  669 1347 2338 1157 2374    2 1604 2641 2551 2662 3703 1429 2288 1686
  745  300  573  843 3396 2201 3043 1390 3389  772 1573 2786   71 2047 3141  545 3539   43  790 3808 1001 2251 1928  929  145 3550  301  496 1230 3566 2259 1837 2669 1409 1469 3579 3317 1994 2317 1039 2042 3824 2380  682  679 1277 3668 3631 1677  648 3942 3222 3351 3211 2215 2052 2628 1693  900 2971 2623  721 2737
 1966 3065  470 1560  195  709 1942 3802 3134 2088 3045 2033 2117 3272 1711 3829 3322  463 2127 2602  524  995 1593 3526 2109 2082 2434 1827 1911  551 3613  723 2714 3559 1846  196  660 3750 2565  575 2264 3585 2825 1441 3708  996 1761  563  692  291 3968 3914 3391 1148 1369 1726  225    1 1954 3856 3538  168  466
 2619   11 1391 2304   61 3221 1864 1315  522 1784 3765 3764 3760 2969 3362 1585 3859  430 1283 3026 3145 3269  248 2781 2775 1580  355 3607 3276 1779 2477  585 1400 1000  198 2627 3884 2741 2276 2502 3717  622 1221 1184  426 1248 2998 2035 1638 1868  246 2399  139  465 2733 3418  459 3721 1874 3867  214  286 2877
 1289 2057 3447 1081 1466 1234 2517   16 3847  987 1293  759 2239 3392 2110  359  162 2675  299 3328 2315 3545   52 3932 2497 1999 2028  167 1594 3568  312 2886 1570 3456 2653  223 3081 2532 2446 3900 1628 1933 2871  500 3131 1239 2473 3266 1478  232  433 1455 2453 3838  672 3930 3767 3594   31 3825 2827   66  100
 3125 3490  912 3033 3182 2834  347 2257 1048 3067 2852  180 1708 3543 2255 2588  774 3481  364 1145 2322  241  886 2064  293  317  265 1608 2979 2062 1937    4  729 2640  813 1472 2880  554 2457 3747 1453   77 1519 3042 1964 3904 2438 3506 2140 1932 2056  831 2860 2659 3475 2639 3513 1268 1477 1777 3300 1024 3746
 1195 1663 3236  439 2612 2301 2747 1161  881 2245  471 1599 2513 1561 2186  553 1915  883  328 2922 3858 2984 1013  308 2198 1082 3820 3183 2918 2927  698 2800 1713 1807 2178 2442 2183 1155 3406 1600 3487 2576 1909 3465 2102 2590 1442  722 2409  861 3204 1122 1341 1420 2624 2941  747 2293 2701 3334   70 1124 2887
 3326 3376 2129 1554 2564 2674 3965 2326 3104 2857 2780 1321 2231 1910 1060 2888 1388 3713 1320 2275  865  600 1127  817  828 2952 3562 1286 3225 1095  576 2814 2752  334  443  822 2122 1858 1485 3571 1056  228 3413 1919  963 3166  931 3783 1883 2205 1028  494  700 3061 3353 1535 1507  775 2570 2676 1360 1893 2661
 1078 1328 3686 3553 3301 2123 1067 1851 2324  815 2985 2817 2846 2766 1499 2913  537 2801 2346 1867 1667 2915 3768 3552  549 1092 2247 2510 2077 2904 1492  858 1622 1434 3761  767 2072 2920 1528 2087  185 2870 2746  210  176  702 2759 3232  897 3345  848  344 3452 2071 2560  890 3505  704  270 2188 1817 1470 1489
 2981 1654 3098 1340 1527  570 3679 1960 1870 3771   24  666 1366 1592 1208  878 2594 3147 3243 3766 1559 3237 2556  997 3608  350 2310 2053 2579 1634  431 1374 2306  874 1020 3556 1546  409 2784 2966   98 3133   73 3168 2718  993   22 1981 1805  152 3933 2277 1231  280 1263 2345 3655 2982 3719 3404   39 3507 3194
 1710 2591 3533 2471  399  748 3143 3308 3535 2526 2700 3854 3756 1381 1473 1152 2250  303   33 1495 2456 1051 1965 2366 3439  764 2385  274 2192 3720 1312 3400 3124 1306  633 2470  285 1225 3702 1044  102  962  457 1266 2073  617 2280 2881  481 2091  735 2709 3210  373 2443 1822 2092 3744 1905  917 3948 3753 2720
  587 1791 3609 2007 1949 3411 3314 2358 1436 3412  769  892 1014 1833 3642 3363 3478 3039 1131 1665  836 2260 1052 1275 2636 2518 3383 2462 1571 2891 3528  603 3848 1285 3094 1258  796 2578  154 2651  728 2246  137 2441 2994 3255  803 2609  976 3522 1149 1251 1175 3297  272 3564 1181 1192 2483  957   12 1025 2407
 2300 3257 3755 2557  547 2162 2568  217  914 1766 3515 3926  133 1445 1896  296  953 1520 2005 2656  193 1714  519 1057   44  410 3534 3387 2633 1783 2401 3894 2847 2308 3271 2424 1297  472 1509 1902 3162 2468 2678 2744  618 2242  856 1480 3658 1751 2269 2946 1723 1841 1748 2566 1351 2388 2412 1929 2722 2093 1423
  742 1464 1523  720 2812  746 3826  902  456 3309 1246 2377 3892 2416 2698 2414  511 1521 3937  741 2654 2283  346 3781  599  642  959 3282 2755  601 3176 2111 1398  952 3715  816 3961  586  918 1992  485  115 3444 3868 1337 1545 1401 1763 2960 2160 3017 2912 1809 2350  908 2413 1288 2604 3957 1788 2635 1850 2666
 3407 2114 1797 1792 3401 2731 1891 3135  766 1199   74 1407 2212 2738 1801  333  928 2105 1295 3019 1110 1524  192 2613 1823 1058 3589 3544 1812 2948 2951  982 3888 1904 3920  282   89 3595 1757 1542 2031 3584 3660  539  677 2406  497 3952 2372 2967 2070 1639 3773  646  342  468 1568  276 3695  958 1655 3864 2148
 1818 1656 2545  173 2200 2790 2515   40 3742 1346  460 1430  469 1292 3872 1522 1186 2046 2254 1500  370 3338 3008 2586 2926 2836 1995 2530 2993 3514 3488 2697 2829 2392 2716 2379  673 3798 1399 1899 2075 3800  757   48 2265  125 2027  164 1740 3397 3435  546  314 1980 1699 2589 2726 2170 2330 1526 1394  323 2403
 2173 1753  605 3370 1503 3949  678 1877 1738 2079 3531  218  921 3179 2202 2011 1926 1621 1588 2119  141 3823  257 1099 1031 3835 2692 2930  482 2895 2237  305 2432 2859 2665  428 2855 2954 2531 1912 3919 2128  691 3470  289 3386 3331 2336 2489 1207  969 3852  397 3788  491  361 3648 1894 2431 1447  284  805 2038
 2956  475  634 2939 3863 2419 1264 3347 2523 3270 2606 1930 3346 3944 1339 3849 1502 1924 2964 1709 2241 2331 1702 1856 1722 3790 2587 3115 1650 2820 1009  194    3  302 1153  182  492  236 3288 3051 1618  118 1672  375  583 3963 2015 3302 3344 1803 1660  968  202 1551 2040 1415 3958 2740 2333  819 3209 1637 1203
 3005  437 2454 3843  974 1432  659 1325 2582  440 1845 1107 1781 3869 3540 2189  438 3054  476 1771  381 3489 3254 3118 1214 2436 2508  110 2266 3330 1483  146 3804 3010  651  499  153  980   57 3861 2492 2617 2311 3769 2118 2843 1416  602 3263 2261 3527  442  717 3445 1762 2463 1719 3647 2234 1405  513 3921 1597
 2485 1778 3911 3834  628  329 1397 2773 3023 2642 1610 1684 1087  263  559 3486 3827  773 2544  852 1270  362  480 1786 3109 1108 1037 3891 1873 1606  455  171 3832 1997 3374 3199 3368 1947 1951 2629  278 1716  298 1282 1475  870 1284 1866 1586 2878 2529 2206  643 3877 1886 2618 2890 2848 3591  730 2724 2821 3229
 3123 2875 2135 1084 3789 1428 2411 3612 1280  525 3215    5  991 2136 2997 1177 2917  229 3691 1358 1156 1193 3056 1574 1444 3762 2131 1562  376  242 1504 1334 2177  523 2717 2381  163 3895 3573 3173 2146 2019  910 1576 2404 2693 2360   91 3885 3085 2299  119 2819 1077  676 1601 3683 3380 1871  294 3100 2902 1151
 3570 3303 2837 3089 2818 1410  490 3320 3192  697 3198  737 1160 3454 1754 3070 1461  655  569 1855 2060 3627 1003 1700 3960 2767 1304  906 2983  862 1075 2528 2081  358 2539 1879  516 1712 3676 1944 2474  388 3339 1508  336 1927 2884 2155 2854 3208 3239 1835  662 1326   42 3777  994 1828  877 1068 1717  844 3654
 1952 1810  869  626 3951  504 1934 3913 2258  981  776 3318 2533  322 2663 2622 2856 3474 3448 1617 3866 2249 1746 1881 2645 1372 2312 1644 3093  489 1626 1755 2844 3233 2256 1670 1189  922 3063 3423 1632 1987 1190 2760 1126 3763  190   19 3706  315 1202 3049 3467  699  127 2680 3620 2490 2195  130 1920  681  402
 1130 1355  343 2180 3335 2567 3677  421 3241 1173 3640 2707   96  798 1053 3424 1242 3950 2947 1972 3113 1513  604 3441  714 3633 1104  909  341  527 3663 3516 2421 2396  800 2990 2120  797  571 1887 3390 3285 1820 3697 3064 1646 1010  956  310 2777 3372  830 1185 2542  760 3618  580 2030 2327 1040  306 3226 2973
 3817 3286   94 3262 1172 2634  189 3352 1581 3146 1861 1468 1583  371  647 2008 3421 2795 2793 3041  458 1948 2822 3774  964  849  220 2426 1170  896 2704  184  665 3928  945 2739 1395 3810 2332 2900 3001   23 1900 1238 1532 3216  988   85 3329  170  740 3840 2695 3180 3670 1064 2209 1515 2063 2999 3250 2649   49
 3555 2240 3581 3055  854 1249 1083 2504 3690 3799 3464 1183 2841 1567  250  501 2974 1019 2546 2549 2013 1917 1563  590  452 1878 1664 3202  799 1101 2687 3127 1931 1194 3264  124 3657 2962  122 2297 3596 2562    7 1862 3923 3356 3732 1662 1988 2686 2774  540 3355  340 1419   83 1589 2041 1026 1431 1029 1187 1819