 2330 1995 2423 2599  717 1123 3992 2937  598 1982 2416 3510  618 2171 2649  612 2708  527 3245 2283 1890 2377 3575  105 2811 3931 1158 2976 1413 2309 2347  418 1838  204 2855  720 2946 2810  235 3180 2963 1019  448 1231  860 3559 2483   64  421  394 1865 2651 2477 3670 2395  775  708 3655 3763 2841  931 3347 3632 3419
 3409 3774 1791 3207 3348 3864 1388  813  526 2191 1450 2130  248 1731 1774 1653  476 2760 1579 2496 2159 3380 3501  363 3872 3127 3260 1764 2573 3273 1481 2662 1919 1197 1601 3744  219  927 3658 1606 2446 3479 2673 2896  479 1972 1356 1353 3172  823  309  810  974 2523 2883  188 3710 3790 2384 1900 1178 1294  113 1505
 3580  127 2380 1463 1252 1778 2600 2771 1271 1198 3470 2563 3391 2177 3578  484 2170 1590 1473  487 3624  624 2741 2763 2293 3675 1390 2378  740 1414 3693  843 3192 2162   76  466 3685 3119 2422 3677 1129 1506 1898  266 1864 1114 4017  554   15 2526 1318 2251 2489 2075 3499 3296 2215   84 3101 1869 3408 1230 3044 1556
 1740 1265  575 2589  144 1508 2182 3290 1595  719 1996 2348 2778  306  541 2306 3818 3721 2362 3155 3800 1762 3405 1188 3282 3028  110  570  455 3175 2512 2653 3103  452 1386  195 3143 3649 1654 3048 2291 3136  350  108  151  489 1427 2285 3869 3425 3052 2745  493 3953 1348 3301  911 1559 1330 1298 3984 4036 1619 2436
 2021 3592  424 3250 3589  359 1550 2672 2807 2858 2272 3653  832 3560 2580  668 2605 3331 1362 3542 2394 1656 2545 1645 1806 3514 1761 3666  423 3835 1831 3399 3515 3680 1651 1472   47  866 1027 1127  664 2165 1302  676 3596 1479 1668 2318  125 3798 2754 1930 1065 2640 1884 3841 2470 1246  553 2122 1404 1697  129  191
 1008 1830 2218 2229 3205 1665 4091   77 3883 1861 2204   79 1659 2505  872 3718 1538 3511 1874 3793 2125  477  602 3163 1151 3367 1945 1771  764 1923 1975 1391 2842 2726 1567 1429 1524 2808 3645 3168 1912 2627 4046 2047  378 2389 1338 3441  713 2636  473 2608 1953 3069 4066  665 1526  650  662 3971 2292 3217   68  174
 2164 1933 1482 3613  513 3145 2899 2094 3855 3151 2277 3789 1203 1784 3809 1266 3078 1046  785  610  644 1476  119  393  997 3610 3402 3472 3123 2305 3149  913 2127 4039  559 3037 2361 2036 2648 3652 3879  450 1701 1125 3570  786   37  733 1485 1743 3553  121 2286 2668 2685  143   73 3845 2437 3158  531  457 2897 2183
 2782 3732 1358  357 4002 3112 1480 2192 1443  395   14 3051  148 3663 1532 1757 2233 1985  385 3832 1216 1256 1024 1604  945 1319   43 2147 3606 1186 3498 3894  240 4081 3927 4085 1542 1968 1277  755 3561 1679 3012 2039 2451  512 2919  725 3251 2082  790  154  982 4021 1780 3384 4040 1669 1452 2469  208 3750 1698 3410
 2180 2296 3758 2112 2432   26  818 1671 1882 1745 3460 2320  368 1808 1259  444  482 1647 2352 1603 3635 2868 2592  478 3507 4014  996  711 1969  940  958 2828  165 2245 3980 4063 3525 3737 3772 1539 1009  562 2282 3629 1201 1984  838 1284  574 3889  330 2559 2743  260  742 2400 1426 3109 3812 3871 2586 2490 2667 1672
 1857 2258 2765  161 1767 2719 2443 1735 1935 1100 1233  780 2046 3497 3854 3473  969 1858 3684 4060  140 3213  546 2634 3107   38 1276 3539   99  262 4069 2237 2276 2594 1270 2048 1498  456 2225 4058  579 2263  694 1553 3341  631 3811  792 1565 3388 3068  675 3319 3344 3549 2801  627  867 3491 2910  990 1285 3377  405
 2880 2603 2383  852 2619  858 2101  409 2115 1515 1991 1881 3401 1640 1529 2007 3043  566  510 3661  202 3826 2012 1501 3421   92  844  707 2307 1234 2200 2151 1459  123 1620  731 2024 3314  724  381 2878 1902 1934 3039 2704 1749 4007 2967  434 3929  323 1627 3918 3394   83 2998 3939 1827 3129 3047 3705  206 3901 4027
 3261  391 2876 4054  915 2032 3350 2761  784 1528 3697 2635 2158 3607  470 1257 1800 1850  814   17 1222  333 2381  232  241  606  882 2140 3626 1889 1088 3492 1574 4034  132  326  364 1753 2713  386 4042 2903 3095 2468 3571 2244 3389 3952 3769  994 1693 3382  135 2987 3591 2951 1911 1960  696 3256 1204 3734 1067 2439
  508  390 1189 4000 3343 3977 3648 2337 1333 4078 2565 1611 2493 2052  315 1068 3142 1381 1897 2247  935 2625 1152 2624 2837 2913 2660 3481 3909  930 3036 2697 1372 3381  296 1504 3230 1511  103 1192  122 4012 1044 1845 1478  753  283 2288 3162 2751    1 1626  802 3523 2966 1809 1017  948 2211 2597 3547 1916 1458 2983
 3788 3949 3907 3997 3550 1228 1097  549 3249 1236  962  797 3242 1875 1548 3512  972 2661 1411 2098   12  629 1078 2414 2345 3308   85 3045 1779 4070 1747 2069  209 3805 2327 1128 1696 2680 3241  896 2534 3967 4029  404 3714  983  179 3318 1043  346 1998 3838 2375  654 4088   60  815  411 2275  131 3768 2063 3087  833
 1901   52  469 3268 2774  981 3617 1789 2676 1020 3975  811 1445 2529  741  776 2859  416  233 1938 1688 3015  970 2700 4043  599 2530  218 1437 1177 4050 3200 1510  647 3947 3480 1494 4030 2537 1725 3700 2671 1016 1104 3378 3940 1296 3083 2902 2730 2129 2643 1734 1038 2301 1225   78 2572 1423 2195 3729 2117 2456  377
 3926 1190 1023  520  944 1396 1107 2929 2198 2319 3848  581 3464 3125  494 3307  971 2955 3727 3958  517 3579 3970 2371 1003 3122 1925 1795 2262 2830 2684 2759 3664  177  706 3691 2014 3582  864  649 1633 3521 2487 4001  889  615  338 4019 3161 1469 2149 2699 1435 1453 1137 1801 2449 1368  291 1876  134 1076 1000 1957
  965  723 1562 1848 4083 3054 3280  977 1768  205 3337 2374 3138    5 3375 3253 2606 3325 3993   95 2870 1839 2561 2004 2107 1327 1303 2591 3064 1005  979 2407 1944 1600  102 1272 2059 2106  287  704 2411 3612 2701 2326  661 2051  490 2802  754 3188 2527 1116 2916 1199 1591 2994 3154  308 2784 2424 2764 2924 2928 2382
  670 2037 2509 1121 2747  130 2240 1521 3628 3226 1852   21 1095 2212  361 2028  774 3489 3166 3283 3173 2535  903 2961  716  688 2794  372  587 3247  908 3786 3016  760 2962 3328  360 1871 1704  355 1286 3950 3433 2356 1279  897 1244 1826 2957 3830 3496 2409 3799 1365 1418 3313 2863 1497 3941 2133  228 1681 2932 1835
 1571 1282 1583 1111 3760  978 3903 2772 3046 3406 1863  115 2833 1854 2100 3605 1639  584  406  734 2824  261 3756 1825 2223 2956 2742 2114 1060 3482  925 1607 1690 1061 3358 2558 4045 1064 1499 3094  331  234  528 1239 3810  834 1710  642  691 2900 2334 2448 3569 1106 3208 3487 1131 3346 2630 3322 3681  106 2113 2415
  879 1030 3618   66  841 2201 1584  648  928 3743  170 3742 3305 2995 3017 1527 2596 1051  133 2185 4041  886 3985 2628 2884  680 2335 2814 2104 1217  772  881  396 1692 3449 3785 2031 1637 1543  521 2678  626 3342 3351 3528 2132 3735 1646 3792 1683  677  447 1202  590 1769 3868 2737  141 3804  698 1727 3882 3026 3483
 3267  604  321 2770 3892 3654 2607 2299 1846 2154 2964 3887   16 2992 3233 3603  589  259 3831 1447  437 4071 1921 1408 1849 3976  274 4022  580  480  384 1028 2562 2895  431 3080 3133  164 3365 3921  985  255 3555 2816 2848 2056 1094 3174 2311  225 1224  973 3893 2210  297  595 3478 3424 1384 1211  820 2344  666 3050
 2865 3771  703 1193 3462 1823 3203  658  863  117  829 1878 3056 2665 3581 1154 2555   72 3181  147 3846 2925 1943 3417  924 2542 1378 2023 1709 3959 2199 3577 2438 3244 2541 1492 2274  801  432 3911 1309 1502  803 2638  292   48   30 2150  961  214 3844 3692 3966 1503 2236 1763 1355 2846  563 2920 2421 2116 3392 3189
  697 2901   31 3720 3002 1139 2696 1783 3551 3751 2727 3741 1329 3371  693  555 3936  537 3694 2329  919 3877 1090 2646 1058  376 3545  926 3187 1833  159 2120  653 1122 1895 1738 2045 2721 3814   58 2867 3262 1092 2393 2034 2313 3964 1670 2239 2683 1187  625 1662 2118 1773  837 3994 1856  139 2524 1165 1436 1748 3558
 1824 2172  550 3434  988  799 1623 1148 2445 2441 2354  702 2006 3466  984 2173 3310 3767 2406  682 2522 1750 1525 4011  253  109 2484   20 3450 1313 2679  441 1243  758 1951 4061 2971 3657 1274 3140 3011  888 4003 3255 3816 3703 2369 3102 2921  414  729 3990 1141 2085  545  652 1280 2744 2071 4093  608 1213  862 2723
  420 2040 1395 3957 1847 1269 1350 3852 3803 1990 1444 1964 1132 2253 3059 1328 4013  502 1703 2933 3587 1470  215  501 3668 1147  542 2368 1667 1376  422  901 1208 3849 3042 2430  486 3509  353 1630 3707 2792  458 3614 3081 2418 1361 2105 3702 1143 3719 3802  569 3973 1304  246 1989 2800 3277 1214 1495 2003  516 3191
 3413  817 3430 3698 2852 1400 2349 1421  768  721 3455 4074 3198  495 1387 1822  853 1939 1461 1200 1999  651 3355 3806 2224 2720   44  738 3686 3713 1454 1364 3699 3611 3167 4031  242 1798 1393 1086  607 2087 3962 1730 2077 3989 1218 2618 3616 3202  369 3372 1899   36  112 3730 3077 1072  443  136  759 1430  207 3822
  544 2797 2367 1981 1428 2255  746 1210 3393 3820 2969 1360  568 1126 1268 3171 3082 1251 2427 1055 2440 3890 1464 2823  855  883  196  678 3917 1254 3996 2531 3541 3058 2850 3057  767 3451 1873 1955 1973 2057  548 3019 3609 1229  400 2498 1894 1205 2639  464 3072  941  417  319 2758 3459 2332 3859 3303   39 3689 1084
 3104 2141 3222 1519  937 2033 1958 2485   55 1644  492 3199 3362 1397 3817 3263 2911   28   98 3998 2492 1714 3519  749 1821 1377 1628 1733 2820  186 1317 4059 1261 2431   53 2143 2990 1402 2974 3896 2088   33 3024 1636 2333  701 2612 3731 1549 2073 2539  993 2854 2268 2826  539 2688 3833 2912  912 2750 2796  288  898
 2015  807 3518 2706 1037 3961 1215 1612   11 1053  705  573 2153 2829 1039 3063 3543  200  603  578 2471 4037 3228 1940 1160 3736 3723  739  955 2257 3672 2249 2909  659 1818 2616 2065 3764 1491 1956 2793  594 1592  975  226  339 3902 2061   97 3913 2576 3960 4072 1892  327 1587 3780 3867 2905 1275 1805 2887 2939   74
 1896 1893  407 2588 2936 3279 2888 3888  620 3669 2768 3387 3797 2881 2401 1803 1018 1162 1589 2494 2840 2686 2413 3773  861  201 2641 1963 1760 2788 3505 3453 1742 2677 1334 2083 1255  313 2076 1741  709    4   54 2324 1658 1868 3038 1140 3899 3641 1054  244 1680 1101  884 2935 2613 1594 2682 1523 2507 1866 1977  640
 3302  689 2081 2066 3090 3643 3295 3995  765 2425 3317 1292  279 2818  848 1004 1409 3776 2856 1712 2654 3335 2940 3546 1755 1113  890 3956  745 1077 3752 2343 3922  367  160 1052 3599  840 1033   61 1514 1040 2408 2250  173 2724  737   65 2508 2455 3111 1351  951 3876 3264 2543    7 3363   59 2397 1586 3312 3765 1843
  730 3238  601 2893  180 1786 1031 3294 3452 2843 1814 1802  229 1566 1561 2260 2615 2815 3638 2511 3981 2010 3865  362 2637    8 2817 3060 1891 1766 2568 1621 2169 1593 3084 2312 1281 2442 2499 3778 2297 1564 2353 1150 2043 2287 4077  264  868 1315  289  946  156 2089 3601 3049 1554 1109 3988  839 2965 2593 1389 1716
  303 1599  462 1080  295 3870 1310 1263 3825 3557 2152 3018 3485 1974 2877 2444 3432   82 2213 2595 2410  943 3875 1170 3604 2265 1937  190  747 1699 1042 1322 1273 1931 4086 1041 3265  199 3132  845  239 1941 1980  312 1674 1880 2235 1676 4051 3540 3288  633 1099 3311 3186 3412 2128   10 2391 2947 1134 2845 3031 3349
 2209 1793  812  614 1293   49 1062 3640 1171 3239 3795 2970 2663  551  276 3529 3513 2095 3442 1534 2281 3821 2359 2495 3211 1013 2179 1677 1715 2930  397 2232 3590  722 3827 3745  223 3093  504 3400 1283 2598 1290 1518 1695 3020 3527 1320   86  859 3306 2161 1227  271 1509 1804 3923 2567  485 2038 3897 1424 3565   67
  410 3395 1661  789 1232 3357 3884 3298  902 2053   29 1926 2731  577 2486 3266  231 3738 3183  766 2809  669  942 2208 1050 3749 2560 3411   23  735 2234 3537 2718 2656  468 3034 3608 3009 1357 2716 1299  365 1632 2861 2402 3185 3784 2323 3690   27  481 1598 2907 1136 3946 2657 1108 2271 1087 2175 2626  585 2090 1462
 1652 4068 3178 2228  155  916 2009  146 3444  237  449 1720  445  793 2457  171 2819 1079 3948 1928 2035 1288 2321 3221  794 2360 2280 2246 3858 4048 3437  596 2134 3920  128  986  736 2515 3688 3105 3951  909 3982 3086  613 3857  936  957 2604 2717 3379 2734  374 1117  947 3176  795 2528 3531  238 2923 2934 1349 1929
 3808 3373 1700 3520 1118 1782  641 3566  472 3552  192 1325  991 3724 2918 3445 2566  690 2775  436  497  571 3986 1563 3659 2981 1191 1986 1664 3004 1486  576 2831 3085 2453  258 2503  634 1291 2520  920   25 3924 3088 2479 1185 3908 2405 3885 1585 2926 2138 2890  413 3861  804 2017 3269  552  275 2365  317 2189 2351
 1520 2729 3987  715 1723 2404 3025  674 3134 1834 2781  269 3900 2822 2552 1102  277 1340 1434  433 1952 1194 2755 3508  582 1817 1173 2698 1331  101 3759 1530 2889 1907 3465  183 3945  597 3801 2042  560 3157 3886 1045 3414 2980 2473 2891 1517  245 3532 1867  769 3979 2958 3098  515    6 1308 2295 2243  475 3274 2733
 3620 2886 4010 3787  280 1457 1648 3722  387  533 2398  600 3454 1887 1785 1560  835 1787  826 4020 3008 2617  221 1810  893  172 3740  503  617 3516 1737  459  370 1811 3182 3210 3204 3862 1851 1812 2131 1537   19 3278 1617 4008  352 2005 2622 3398 3286 1249 3463 3385 2278 3942 1417 2722 1183 2109  272 1906  700 2148
 1914 3370 1392  348  267 1220 2074 2762 1063 3079 2363 2248  611 1759 2674 1746 1006 2497 2997 3428 1832 2412 3390 2738 2155 3796 3237 2517  236  426 2979 2590 4065 2049 1776  681  819 2279 4025 2194 2587 3999   94 2857 2506 1581 3224  756 3753 3118 1909 3687  805  408 1883 3935 3567  808  366   88 1169 1663  565  762
 3169  461 3110 3184 3600  798 1625  917  949 1468  500 1602  663  169 3232 2914 4087 3574 1440 3683 3423  592 2922 3842 1182 2376 4005  194 1879 1146 3544 2550 2459 1531  507 1071 1836 3066 3246 3467 2166 2519 3332  425 1536 3458 1687 3627   71 1842 2027 3644 1634  299  770  899 2705 1347 2338 1455  960 2269 2691 1420
 2266  788 1179 2584 1516 3554  989 1993 1406 2259  256 1496 2540  645 3383 1551 2851 1971  379   87  243 1341 1323 3041 3159 3005  773 1474 1948 1373 1311 3259 2420 2461  460 2214 2478 1287 2372 3426 1721 3906 2795 1950 3564 1267  572 2532 1513 1512 1082 3912 3728 3448  282  825 2202 2518 2725 4082 3471 4055 2948 1433
  655 2749  671 2904 3586 2126 2952 2091  230 1983  638 3099 1922 2099  149 1419 3429 1829 3114 1015 3495  646 1089 1722 1744 2652  302  842 3631 1159 1820 2450  871 2804  876  856 2533 2460 2879 3117  211 3152 1441 1264  111 2860 3212 2927 1739 3326  777 3156 3073 2062 3573  278  643 3229 2675 2609 3456 3704 3717 1301
  402 4052 2298 3595 2986 3679 2510 1655 1180 3006 3236 1081 3144 3583 2022 1477  340 3873  525 3636 2464  809  932 2018 2458 3359 3439 2092 3160  224  488 3215 3023 2331   51  446 1083 1307  107  324  336  952 1500 1552 3092 2342  398 3711  588 2806 1641 2304 1685  632 2219 3782 2575 2767 2019 3781  673 3836 1841 2462
  918 1775 1936  463  320 2645  854 1380 1708  419 1206 3726 2123  273 3108 2160  294 3933 2835 1034 1807 1976 1813 3619 3089 2302 3461 3755 3234 3474 1487 1258 1002 1719 3916 2176 3779 1352  104  686 3334 1399 2379 3504 4044  383 2610 1569 2261 1920 3194 1546  412  314  660 2709 3863 3374  532 2308 1547 2783 2055 3285
 3121 1908 2466 2217 2647 3548 1578 1425 3271  454 2435 1451 3289  304 2284 3065 2020 2145 4032 2601 3925 1726  176 1314 1332  959 3190 2139 3576 1643 2111 2030  429 2732 2790 1374 2871 1295 2642 3469 2230 1432  430 1694 4064  828  286 2681 1375  310 2982 1568 1133 1572 2623 3791  518 1010   40 1853 2482  344 4018 3856
 1103 2536 3364  752 2058 2942  934 3321 1007 2521 2008 3327 2491  453 3506 1597  779 3860 2322 3880  939 4067 2488 1540 3839 3201 1718 3416  558 1657 3905 1751  316 3014 2396  995 1248  345 1927 2945 1770 1407 1535 1238 1781 3126  349  203  249 2866 1297 3974 3446 2336  895  628 3000 2346 2156 1370 1903 3538  621 2044
  358 2766 3522  491 3476  556 1828  163 1489 2168 2791 2242 1085 3440  428 3272 1689 3304  257 1788 4049  782  657 3639 3135 2707 1965 1915  816  509  956  438 3131  415 3594 2501  265 3139 1260 2862 2950 4084 2434 1112 1736 1816 3938 1605 1490  182 3206  543 2753 2067 4057 3891 1582 1135 3633 1339 3660 2514  519 3010
 2002 3146 2898 2325 1047 3468  684 3075  999 2426 2264 3115 1345 1439 1412 2079 1278 3937 3819 1484 2068 2429  938 3252 1394 3815 2557  222   41  116 2221  616 2693 2803 1705  474 1066 2728 3829 3137 2314 2504 3276  757 1069 4073 1475 3910  796   32 2551  892 1942 1367 3113 3503  831 1001 3427  847 2703 2569 3096  710
 3762 3240 3257 1155 2181 2157  254 3650 3843 3022  162 1096  354 3530  878 1306  547 3757 3148 1932  263  401 3494  557 1446  695 3568 3866  281 4053 3674 1305  514 3770 2546 2943 1954 2611 3195 1241 3919  137  247 1666   45  300 1608 2544 2516 2350 2050 2222 3585 3396 1615   70 3386 1678 1448 1917  538 1979 2188 4092
   50 2289 3067  923 3403  904 1383   96 4016 2825 1570 3120 1036  187 3007 2538  744 3354 3030 1025 3164 1250  743  877 3397 1167 1772 1792 3914 2786 3851 2447 2254  523 1382 1181 1558  718 1442 2564 2769  335 3170 3898 3293 3218  630 3665 1359  870  210  806 4047  212  329  138 2874  467 2812 3637 3934 4095 3572 3415
 1618 1465 1886 1209 3431  311 1711 3196 3972 3932 3299 3651 2553 2231 3165 3124 1573 1073  524 1262 1614 3598  175  751 1471 3642 2712 1650 4056  356 1124 3563  787  451  337 3556 1059 3746 3991  505  522 4062 2463  750 3153 3323 2836  185 2341 1638 3747 2465   81  213 2827 2136   34 1161 1401  887 3823 3320 3292  114
 3944 1035 1326 4009 2949 1862 3662 2001 3682 1758 3526 1012  728 1997 3671 3235 1163 4035 1431    2 2739  126 1212 2205 1456 1149 1819  891 3678 2999  167  968  910 1706 1245 3316  636  623 1021 2433 3179 2203  351  966 3943 3281 1416 3291 3333 2119   22 3534 1130 2752 1988 1105  824 2474 4075 1870 3130 2838  869 2084
 3407 3220 4033  727 1905  875 3715  791 1577  439 2481 2585 1797 2985 3588  963 1860  922 3435 3356 1091  220 1029 1253 3878  672   13  189  953 3623 1371 1588 1174 3486 3420 1247 3297 2144 4028 3336 1660 1166 1235  389 1195 1176 3969 2025 2915 2631 3003 3053 1237 2839 4038 1219  714 2315  783 1153  561 1765 3475 3915
 1014  142 1075  198 2064    9 3777 1580 2978 1164 1011  483 4094 4090 2339 3436 1624   80 2366 3533 1354 2779 3368 3840 1184  992 2875 2996 3061 4076  145 3340 1221 1596  166 3369 3775 2960 1545  976 2785 3725 3837 1961 2670 1613 3076 4079 1026  158 3622 1242 2206  157 3477 2238 1707 1145  907 2370  388 1410   56 2574
 3853 1918 3128 2695 1422  471  667 2226 1403 1872 2644 1379 2480  763 2650 1438 3955  285  380 1493 1074 2103 2399 1093  534 2789 3584 1226 3536 3783 2556  656 2256 1398 2476  498 3324 3965 2614 2853   46 2690 2197 1175 3701 4024 3535  511  685 1844 3716 2659 2692 3027 3874  347 2735 2968   93 1507 2093  496 1924  726
 1316 3360 1635 2475 1910 3502  382 2579 3338  270  318 1048 3361 2041 2241 3954 3422 3287 2190 2525 1885 2798 1070 2669 1691  732 3597 3904 2328 2549  771 3562 2316   62 3284 1777 1544  830 1642 2387 2740 3055 3754 2710  894 1629 1049  865 2959 2984 1156 3150  540 3630  821 1913 1337 1522 2787  251   75 1967 2548  216
   24  530 1576  836 2216 2080 1728 1682 2989 1616 2417 2805 3978 2178 2756 1467 3021 3457   35 1794   90 3676 3071  293 3968  692 1223 2340  181 3070 1541 2834 1449 2702 3625 3490 2357 3339  712 2163 3248 3673 2502 3524 2097  619 2582 1840 1022  399 1056  846 4080 3712  536 3214 3219 2776 2577 1649   57   69  150 3656
  880 1837  298   18 3983 1336 3493 2121 1622 2070 4006 3696  622 2714 3447 1172 3895 3270 2196 3438 1483 2096 3484 3963 1962 2620 1366 3352 1289 1732 2892 1342 3243 2142 3807 1300 2270  593  964  343 2736  980  290 2452 1790 1369 2993 1555 2954  506  914  120  373 1684 2011 2885 2086 1877 2110 3376 1970  906 2227 2583
 3930 3223 1115  583  178 3209  118 3106 1673 3366  307   91  885 1978 1631 2689 2746  305 1724  301 2869 1966 3040 3766 1098 2944 2632 2472 2602 2167  849  152 3602  332 1855 1946 2000 1815 2252 2554 2078  822 2029 2975  168 3353 2864 2547 3216  800 3141 1144 3517 1120  933 3647 3345 3813  921 3013 2358 3834 2060 1335
 1756  905 2908 3881 1533 3062 1610 2317 3634 1460 3001  535 3646  748  591 2124 1157 2773 1729 1240  341 3035  679  635 1752 1207 2777 3593 2186  874 1168 2500 1686 2988 3258 3404 2832  392  987  193 2428 3116 2102 3100  567 2629 2872 3300 2184 3824 2193  609 2273 2373    3 2953  929 2973 3739 1032 3032  605 2658 2513
 2991  639 2355 2054 1321 2310  761 1947 1312  564 2757 2715 3733 3147  465  334 1609 1888 2290 3254 1466 3309  371  252  954 1142 4015 1992 4096 3177  322 2813 3275 2016 2780 2137  687  325 4023 1557 3828 3231 1717 4004  124 2303 1385  827 3329 3794 2906 1675  851 2931 1904  217 3330 2666 2941 2267 3197 1344  328  850
 2655  967 2847 1415 2386 3761 2581 1713 2882 3708 1196 2849 1575 2633 1859 2108 1987 1405  586  950  197 2467 3029 1488 2578 1343 1994 2664 2392  699 3615  873 1138 1754 1057 2385 2207 2748 3418  375   63 1959  442 1796 2571 3443  250   89 4026 3074 3748 3928 3225 3097 2300  683 2873 3315 2844  284 3500  100 2570  440
 2977 2621 3033 2388  427 3709 1324 2419 2454 2146 2026 2174 2390  435  998  499   42 2917 3621 3488 2938 2364  857  184 1799 2687 3847 2403 3850 3695 2135  778 3667 1363 4089  153 3227  342  900 2711 3193 1702 2972 2694  403 2187 3706 2013  529 2821  637 2894 1346 2220 1119 1110 1949  227 2294 3091  781 2072  268 2799