 2013 1529  233 1267 1185 2385  850 3245 2108 1231 2712   27 2514 2679 2230   83 1895 2458 1711 3117  693 2196 1099 2181  377 2661 2328 1526 2313 2755 4003 3294 3363 1394  895 4004 3693 2292 1925  775 2293  210 3129  421 2776 4146 2351   31 2054 2935 3456  741 2966 2477  844 2837 2126 1160 4087 2813 2955  877 4064 3324 3033
 1887  217 3957   85 2783 3021 3800 1427 1571  425  135 1187 1536 2585 1599 2617 3068 4033 3733 3218 3269   64 3595 1410  667 2170  714 2500 1806 3184 1408 3879 2115   30 2628 1163 2308    3 1682 3046   73 1175 2320 1232 3196 3274 2814  502 2541 1146  245 3744 1075 1363 3956  822 3281 4174 1815 2625 2988 4023 3832 1946 2658
 3263 2223 2393 2297 1239  642  897 4192 2975 1262 1480  661 3463 3012 1761 2071   22  102 1936 1758  740 2747 2060 4055 2570 3602 1083  673 3526 3629 3338 2333 2119 2150 2398 2758  153 3428 4074 1505 1455 3005  549 3874  269 2715 1798 1203 2552  588 3920 3199 3943 3374  583 3256  827 1519   94 3868  562 3702 3067  297  536
 3765 2907 1677  231 1245  556 2905   49 2048  538  295 2669 2686 2896 1253 3233 2888 3208  524 2538 2536  330 1298  991 1282 1860 3344 3518 1818  263 2118 2449  256 1116 1465 2409 3142 1230 2277 3592 4126 3886 4109 1712 3555 1962 3451 3735 2987  659 1041 2364 2368 4039  992   86 1036 1665 3729  809  353 4176 2382 3560 3158
 2878  757  857 2304 4047 2920  550 3406 2971  797 1675 1863 3211 2224 2427 3421 1586 1941 3002 3742 1786 2095 1737  431  460 2995 2215 1405 1608 3514 1191   77 4030 2886  400 2600 1218 3541  712 2104 2719 3477 3031 1848 3899 3396 1289  736 2832 3009 2542 3858 3148  983  388 3778  994  111 1066 2410  288 1094 3095 2073 1697
 2031 2082  389 2711 2793 4147   35 2657 3922 3287 1136 1034 1705 2083  901 3612 1781 4021 2933  808 2593 2317 2135 3187  859 4028 3928 2662   62  800 2322 1358 1585 3534 1406 2039 3247  258 3986 3614  912   84 2216 2701  151  644 1963 2113 3894 1133 4185 3831 1727 3425 3336 1229 3900 1371  108 1106 1796 1724 2045  677 1086
 1159 3646 2979 3443  226 1890 2233 1578 1908 1759 1726 4082 2631  545 1173 2312  261 1780  618  575 4187 4189  662  655 2244  229 2602 2044 4068 2967 2940 4148 2229 2323 1331 1901 4175 2404  341  777 2737 2543 3596  475 2558 3435  368 3686 3404 2736 4195 1404 2984 2545  541 1987 1430 3872  405 2130  771   96 4136 2096  275
   44 3991 3172 3811 2931 3822 3003 3234  223 1147 3669 2876 2091   67  123 1564  812 1121 1659 1477 2231  870 3327 2827  452 2070  188 1383 2092 3951 2201 3392 2934  919 1311 1348 3458 3768 1362  331  533 3799 1353 1385 1954 1273  643 3579 2055 4086  527 1277 3624  352 4149 2510 2656 3564 1740 2435 2703 2663 3381  722 3130
 2724 2647 4165 2389 2386 3163  136 2428 2592 3316  675 3786 3921 1025 4019 1971  878 2959 3836  459  819 1788   21 1375  419 3798  304 3131 2125 3644 1128 3027 2869 1845 2377 1800 1205 2694 1776 2359 1503 1708 2227 2047 1340 3273 1658 1903  167 1380 3563  281 3521  961  250 4005 2956 3726  891 2179  889 3455  520  830 4133
 4007 3537  463 3490 1843 2342 1671  202 3883 4045 2841 2296 3916  916 2208 1612 2880  952 2530 1508   36 3284 3871 3857 3950 1179  441 1736 4069  287 4062  324 2680 1085 3802  485 3292  529 1518 2615 3102 2671 2996 3496  438 2264  721  500 2089 2854  600  657 2828 1611 3215 3616  477  924 1960  172 2742  943 3262 1333 1630
  839  833 1969 3533 2761  597 3870 1947   79 1194 2348  999 1910  606 3192 1033 3358 1087 4043  993 3770 1710   11 1830  647 2512 1970 3004 3905 2561  148 3073 4050 4001 3673 1485 1275 3988  977  291 3663   71  852 2568 1074 1621 2779  670 2777 2725 1549 2167 4031 3161 3945 1065 3321 1132 4151 1783 1700 3285 1398  283 3502
  106 3353 4142 2883 1590 1307 2519 2501 2084  228  963 1372 2804 2513 3664 1454 2088 3944  908 1722 3685 2248 1593 1869 1596  684 2207 1961 2659 1563 3391 3377 3926  978 2174 2272 3115 4178  929 1994 2051 1622 2887 1817 3417 1376  294 3808  962 3617  491  216 4098 2974 1874   19 3513 3771  215 1402 2993   43 2732  868 1741
 3790 2357 2429 1460 3468 3924  621 4061 3070 1572  907 1857 2249  535 1135 1510 1835 1867 1058 3413 2468 1102 3491  705 2145 3853  872 1479 4085  745 2809 1893  799 3904 2816 2599 4110 3032  572 2868 2721  511 1291  838 2436 2282  826 3331  861  885 1096 4015  194  390 3911 1418 1234 1615  119 3910 2644 3504 3962  997 2889
 1356 1844   24  579 3155  423 3531  820 1626 1931 1619 1005 2782 1314 1506 1504 4105 1101 3536 3156 3824 2851 1870 1113 2402 1911 1478 3492 1579  266 2498 1734 3050   10 3043 3500 1227  140 1681 3293 2200 1421 3138 3175 3882  280 3557  776 1558 3840 1281 1594 1825 3075 1657 3462 4215  665 1435 3913 3585 1595  967 3088 3282
 3535 3481 3727 2032 3497  759 4096 1821 1917  116 3426  309  189 3434 2499 1060  863 3949  130  869 3222 3356 1816  514  403 3040 3136 1513 2442 3226 2049  970 1165 2597 1130  383 3593 1777 1103  270 2438  327 3124 3093  409 3400  190 4102 3378  730  971 2525 4075 2124 2492 1469   46 4222 3963 4216 1654 3459  905 2556 2063
 4193 2162 1765 3728 3976 1237 2978 2101 1779 1683 1409 2001 2771 4121  430 2913  593 3494 2211  183  319 2453 1606  828 1354 1721 1108 4156 1321 2086 3953 1907 4052 2058 4163  883 1261 2378 4141 1583 4205  813   89 2605 1125 2708  578 2720  966  253 3395 1056 2192 2274 2727 4059 1695  584 3157  790 1287 3382  474 4060 1092
 1801  366 4190  386 1984 2260 2189 3465 2939  457  934 2010 1604 3457  260 3528 3137  144 2102 2267 4118  414 1115 2131 1105 2622 2840 2061 3819 2638 4066  440 3825 2648  996 1642   17 2858 1790 2683 3418 4181 3270 2476 1610  829  301 2906 2704 1367 1859  207 3300  753 1328   25 3850 3119 3277 2000 3933 3081  725 2068 1450
  271  690 2085 3527 3637 1902 1015 1217  761 2198 3388 3653 1752 2688 3909  791 3781 1965 2831 1760 1171 3478  345 4012 2164 3849 3255 3508 3483 1501 2335 1600 3700 2521 3753 3961 1433 2262 1228   29 1802  313 3134  209  893  733  365  921 1680  395  774 3114 3891 2652 2819 3573 3370 1966  131 1926 1393 1176 1300 2491 2915
 1930 1914 1559 1473 4139 3078 4002 3183  147 3080 3195 2286  874 2473 1093 3927 3230 3826  476  765 1920   28 2057 3450 1500 2026  864 3325 1265 1174 2188  143 1301 3865  737   26  542 1199 4130  525 1663 1751 1589 3112 2937 2807 3618 3954 2961 3670 1248  479 3390 1117 2784 2081 3648 3253  407 2315 2204 3476 1530  609 1827
 3708 3706 3940 3888  521 1360 1114 2700  186 2904 3757 3745 1980  282 2444 2941 1584 2560    8 3540  668 2043 3094 3510 4000 3015 4104 2608 1274 2581 3053 1415 1268 1292    2 2949 3493 3369  501 2853 1872 1828 2535 1879 1976 2629 3150 1495 3164 1496  164  683 1148 3017  314 3797  163  329 1451   58 1359 1637 3186  554 3501
 1597  162  638 2692 1208  860 1668 2020 2424 3064 3139 4137  394 3188 2202 2504  335  678 1484 1556 2079 3989 3000 2502 3576 2319 2923   40 2345 3524  928 1603 2856 3307 4143 2384 2717 2797 3734 3125 1919  293  773   16  633 1888 4180 1297  504  469 2011 1862 3072 2970 3984 1983 2301 2936  227 2845 3474 3254  290 1684 2639
 1764 2833 1463  382 2571 2635 1628 1823 1434 3622  134  193  244 1063  179 3213 3412  471 3200 3980  779 4022 3480 1889 3333 1643 3210 2254 1768 3676 2456 2668 2251 3704 1131  768 3042  212 3288 4127 1735 3436 2528 2059 2422 3942  948 3020 3242   90 3427 2182 2367  620  380 1184  357 1389 4117 2485 2762 3352 1871  415 1070
 2706  718   95 2419  557 2678 2743 3328 3479  639 1638 3126 1618 1575 3784 4197 3409 1685  704 2612  842 4172  161  581 2792 2256 2056 1924 2623 1794  420 1492 2748 3440 1655 2865 1557 2584 1670 3266 4168 1746 3699 2100   41 3751  795 2012  832 2881 3580 1534 2838 3516  560 1326  867 1553 4107  760  292  882 3803 4223  871
 2035  814  265 3100 1633 1939  988 4042 2997  594 3464 3919 2134 3023 3339 1306 1937 2901  342 1531  150 1084 3785 2653 3818 1202 2515 1462  614 1649 2616  880 4010 2532 3935 1303  115 3548 2448 3556  598 3793 1651 2674  264 2909 3983 2136  277 3746  635 3934  165 1250 1006 2353 2596 1997 3656 2722 3764  306 2864  909  979
 2160  825 1873 3179 3376 4219 1704 2046 2651  713 2278 3958 2114 2826 3415 2238 2850 2991 1951 4155  238 2279 2005  935  615  866 1219  899 2749 3486 2242  968  698 3665 1317  879 1170 3212 2860 3709 2480 2817 1511 3816 1212 3631  716  155 1064  770 3914 2559 3101 2462  631 1555 3830 1502 4209 2080  445 2511  392  629 1820
  118 2516 3433 3542  127  442 2618 2214  933 3109 3652 2193 3348  851  450  141 1866 2927 2914  109 2594   61 3442  221 3741 2006 1475 1129   92 3289  743  628  453 1756 4097 2033  568 4211  272 3135 1692 2488 3925 2577 1189 4200 3841 2790 3071 1210 4131 2007  702 3280 2392 2446  821 3469 2968  337 2390 3835 2105 1826 4204
 3205 3893 1703 4171 2416 3714  369 3711 1834 1472  213 3231 1635  481 3613 2632  158 4094 3827   55  472  128 2882 1718 2396 3108 2863 3890 2023  565 1770  650 2872  510 1029 1193 2526 1120 3310 1453 4078 2520 3086 2420 3657 4158  424 3787 4016 3347 1246  107 1076 1979  940  117 1641 2842  558 3437  247  246 2163 3937 2411
 2009  434 1027 2637 3856 2753 1446  174  120 1279 1498 3586 3268 2234 1285 1426 3306 3805 3792 3334 2507 2778  429 3683 3029 4112 3509 2899 2025 3525 1028  220 2041   87  347  998 3889 3074  104 3304 3398 2034 1660  262 4072 3090 1322  974 3971  528  416  518 1051 2194 3173 2099 2497 1470 1308 1694 2309 4122 3041 2798  487
  359 3553 3710 2582  160 2285 1892  817  468 1507 1849  582 2132 1943 1805  519 2149 1520 2676 1377 1018 2604 2236  671 1934 1645  340 3407 1309 2138 1687 2546  789 3972 1882 2222  803 1122 3908 3176 1569 1527 1315  322 2540 2243 3736 3198 3422 3171 2823 3466 1000 3902 3302 1215 4067 2481 3666 3584 2388 3766 3960 1211  177
 1676  175 3375 3149 1126 3128 3063  154  806 3569 1016 2848 1180 2523 2107  636 3025 2921 2235 2710 3174 1853 2539 2072  571 2430  648  985 2219 4218  596 2232 1439 1286 3359 2268  772 2151 2062 1448 4150 2003 3817  804 4108  356 3659 1254  607 1953 2764 3639  470 3251 3975 2447 2924 2983 1932 1973 4212 1214 1856  523  727
 1757 3384 3973 2493  516 3185 3360 1782 1747 3688 3076  494 2395  316  509 3965 3794  682 2757  756 3912 3110 2506 2027 2400  484 2144 2775 1581 4134 4091 4188 1017 1992 4032 3767 3373  573 2078  465 2064 2900  142  692  591  499 1399  101 1532 1537  837 3896 2566 2258 1374 4164  965 2976 3506 1471 2580  493 1296 1691  537
  182 2666 2654 1739 1403 3772 3318 2744 2140 2723 1461  645 2361 2795 2917  328  783 1392  257  602 2801  381  599 2852 1982 3864 3048 2667 3394 3341 1865 1738 1714  732 3143 2423  915 1666 3823 4089  787 1138 2077 1487 3776 1916 3228 1613 3774 1053  637 1464 3166 2977 1624  169 3265 3087 2466 3662 2171 2030 1263 1674 2922
 3820 2349   51  758 1238 3795 2463 1698 4084  896 3204 1258 2314 3252 1616 3470 3197  404 3085  234  752 1209 3279 3099 3178 1008  941 1598  458  569   97  762 3022 3271  379 1318  543 4154 1391    6 2810 3193 3627  640 3051 4119 2299 3297 1912 2281 3731 2634 3834 3037 1324 2474  574 2263 1043 1288 4173  649 1568 3096 4208
 4020 3111 1673 2713 1476 2693 3066 1390 3311 1038 3026 1337 4090 2925 2443 3283  364 3241 1061 3240 4210 3444 3705 2553 2168 1156 2291 1299  846  333  505  709  251  200 2203 3698 2246  205 4081 3999 1425 1009 1242 1915  577 1467  835 1302 2534  570 2185 4046  191 2835 4152  720 3069 2205 3752 1039 1833 1243 1967 4083 1546
  367 2090 2624  887 1769  237 1293 3058  206  350 3423  890  724 3523 3907 1044  881 3554 1662 1650 3859 3758 2682 3712 2017  942 1909  170 1123 2327  611 2508 1223 2973  555 2403 2237 3543 3860 1733 1631 3740 1012 1097 2969 2318 3897 2734 2870 3674 1864  697 4035 2684  918 4206 2916 2763 1003 2147 1241 3839 2166 1885  755
 2822  378 4132 1344 4160 4153 2620 2372 1144 3349 3487 1035 1437 1763 3116  784 2024 3401 3694  798 2356 3159 2206 2938 2774 2273 1974 1252 1923  959 1656  975  972 2687 3276 2611 2649 2374 3598 2818  451 1767  848 1831 2137 1110 2415   65  362   14  955 2871 1730 1201 3223 3386 3804 3167 2564  782 2437  786 1256 1441 3299
 3620 1880 2998 1809 4201  393   12 3775 3368 2270 2329   45   42  563  927 3619 3357 4013 3028 1545 1222 3206 4214  517 3385 1689  370 3399 2155 3059  531 3146 2052 3599 1832 2738  711 1625 1774  384 1875 1259 1986  585 1141 3489 1935 2441 2964 1047 4014 3843 1627 1775 1956 1539 2213 3640 1443 1192 1785 1416 3122 2980  676
 1365 3467 1396 2765   88  278 3416   76 2253 1081 4199 2120 2606 2360 1186 4166 1049 2707 3361  903 3141 2614 2336 1629  197   38 4159 3643 2646  841 2326 3667  544 1743  980 2302 3162  426 3668 2630  372 3716 3429 4177 3194 1957 3550 1459  873 1554 4179 2139 3985 1183 2965 2741  149  489 1773  492 3153 2008  894  437 2943
 1706 1717 2572 2866  496 1167  387 2397 3715 1155 2412 3689 3915 3243 1295  192 1540 3990  691 3447 3278 2370 1445 2610 3842 1804  984 1562 2735 1945 3821 2894  778  604 1567 2770 2173 2417 3917    7 3482 1010  539 2857 3140 1412 2982 3743 2250 2892 2341 3947 2912 3475 1345  580 1466 1489 2146  686 1022 1602  315 3007  590
 2803  444 3538    5 3011  729 3582   54 2303 3725 3314 1837 2178 3286 1190  254 1644 2022  902 2699 2161 3154 2815 3923 3578 2573  944 3035 1772 1310 3609 3106 3169 2266 1055 2588 2098 1474 1080 1355  862 2475 3454 3590 3748 3854 3354 2557   37 2106  552  818 1260 1481  232 3402 1702 1899 3329  413 1913 3430 1877  653 1762
 1766 1294  187 1541 2093 2844 3549 3047 1021 2158  666 1357 1784 1690 4183 1351 1161 3471 3419 3682 2484  303 3219  173 1824 1024   39 3691 3120 2595 2112 3866   60 4073  305  456 3645 4056 2165 1264 1388 1812 3249 1918 2408  625 2726 2298 4057 2533 4036 2184 1993  973 2859 1417   99  748 1591  613 3998 3379 3969 1413 2321
  100  308 3903  937 1576 1686 1535 2334 2169 3258 1134 2069 1327 2598 2885 1648 2981  307 1921 3783 2786 2607 3977 2110 2879   63 2217  923 4207  349 2897  113 3692 2834 3623  641 1182 1118  454 3761 3650 2471 3992 3780  268 2276 3091 2754 1177 1886 3967 2143   70 1290  723 3250 1542  956 2307 4058 2802 3852  284 1438 2426
 4077  225 2926  603 3782 1249  219  910  336 2004 1533 1725 3257 2037 4044 1929 1162 1124 3014 1538 2014 1565  951 3679 2478 3901 3568  248  488  296 2862  906 2760 4038 3449 2695 4099  990 2490 4157 1045 3092 1667 1729 3238  435 2053 2376  845 2387 3107 3036  513 2195 1574 2153 2157 3049 1544 3201  401 3530 2800 1429 2461
 3630 2218 1226 1181  208 3658 3575 3812 4124 1547 2999 3851  156   78 3337 2891 1329 1112 1379  914 3060 3393 3597 1977 2358 4053 3649 1664  888 1109  446 2745 1366  976 3678 1855  964 2394  146  617 1442 2768  126 1411 1490   33 3305 3113 2338  953 2660 3690 2311 2127 3718  947 2839 1054 1975 2363 3829 2665 1517 2766 1745
  214 1543 3181 3966 3044 2280 3485 2209 2241 4103 1891 3737  507 1715 1052 2576  694   48 1731 2740 2691 2836 1150 3654 3498 3177 2673  715 2590 2191 1313  447 3366  318 2714 4182 3414 2401 3077 4145 2255 1143 1001    9  949 1440 2199 3591  734 1482 1696 3221 3452  854 1551 1284 1042 3634  669 1906 3970 2895  810 1846  203
 2467  811  236  241  987  332 2494 3755 3448  114  726 4088 3695 2986 2366 3671 3723 1023  166 1868 3730 2496 3789 1771 1020 3837 1280 1397  121 1341 3405 3453 1701  960 2509 1840 2773 1334  410  664 3016 2929 1609 3930 2470  551 3810 3732  428 3351 2346 2554 1169 1933 1829 3558 1996  222 3345 3877 1512 2337 3151 2122  540
 1491 4041 2455  754  495 1272 1271 2609 2375 2565 1719 3202 2421 2769 2636  708  696 3460  834 1011 3777 3061  461 1623 3684  181 2550 3672 2148 3152  685 1216 2325   74 3647 3997 2418 1257 1964 1709 3885 2210  132 3739 3680  497 3326  503 2186 3532  326 2591  788 2066   93  267 3545 1456 3845 3495 2989   47 2369 4076 3317
 1778 4140 3687 2381 3838 1447 2772 3707 1876 2670 2505 3651 3236 3372 2945 3636  610  418 3846 4129  526 2180 4220 3881 2247 1145 1382 1842  807  211 3604  482 2756 3461 2483 1233 3759 1283 1420 2586  900 1808 2472  931 2627 1577  687 2675 1278 1452 1069 2867   82  898 1814  133 1221 3754  674 3978  185 1236 4135   59  681
 3408 3577 4225 1861 1607  242 3034  354 1414 2910   98 3638  311  168 2821 3809 2332 4037 1305 2087 3567  448  338 4027 1197 2601 2954   66 3261 3018  317 4224 2846 2432 2825 3608 2354 2681 1079 1905  701 1030 1040 1014  750 3290 1026   23 3628 3605  936  224  299 4125 4115  480  402 3355 2985  751 2076 2718 3264 3661 2861
 2994 1400 1046 1523 3118 3259 3291  486 2252 3203 2197 1172 3038 1991 3539 3039 2305  824 1457 2452 1057  124 3936 2440 1325 3121 4008  122 3432  139 1720 3574 3632  652  547  255  805 1206 4120 1570  355 4123 2843 3948 2343 3488 2465 3626 2265 1198 3424 1587 1370  436  358 3906 1744 1640 2347  320 3235 1346  749 3880 1978
  199 1713 3133 2042 1378 1897 2036 2918  348  876  534  586 2705 2544 3387 1320   15 3607 4116 2947 3861 2324 2183 3717 2728 1989 1048 1999 2930  623 2806 3275 1514  958 2799 2587 1836 3209 2877 1304 3312 2919 3583 1336 3084  548 3621 3332 1955 1922 2067 1153  512 1095 3519 3938 1838 1958 2464  312 3738  298  884 1428 1661
 3105 2730 1810 2789 2990   69 1811 4169  490 3848   75 1270 3520 1646  464  433 3721 1707  467 2190  816 3703 1224 2603 3127 1373 3847 4114 3446  276 2522 1988  626  566 2344  969 1339 3876 4080  252 3625 2021 1985 2123 3371 1499 1898  926 1881 3814 3862  703  735 3144  243 3987 2156 4221 4009 3964 1140   53  259 2992  339
 1669  285 3929 3932 1107 2626  274 2731 1444 3633  608  417  913 3380 3660 2739 4100 3180 2212 3544 2578 2575 2128   50  506  432 3439 2172  695 1634 3979 3267  201 3123   57 1330 1580 2103 1082  801 2812 3713 2306 3342 1119 4144  399 1154 2111 3217 3895 2425 1605 2555 2245  239 3272  103  218 2874 3472 3552  178 3603 2677
 3438 2038  747  129 1142  398 1090  981 4049 4161 3303 1968 1386 4054 2518  853 2287 3441 3875 3833  995 3505 3959 3855 3001 1468  343 1111  746 1266 3079 2029 2531 3611 3594  344 4186  794 1091 3551 1803  612  728 1368 3320  530  412  478 2824  849 2950 2962 2445  561 2159 1647  576 2129 2963  553 2295 1347 3994 3056 4034
 3561 3365  449 3340 3189 3655 2097  922 4162 1959 2944 2459 3566 3762  198 2808 2820  815 2729 3010 2781 1004 1158  397  920 2948 3749 1793 1839  361  986  660  110 2289  196 3677 2928 1104 1007  157 2413 3946 3132  739  546 1164  793 4026 1672 1693 2957 3239 2574 1749 2141 4101 2650 1255 1791 1723  411 3224 1938 2121 3473
 1639 2019 1940  950 1196 1560 3720 1151 3570    1 3295 4017 1573 2365 1981  802 3313 2352  235 2290 1822 2645 3214 2486 2619 2330 2847 1098 4106 2796 2903 3675 2952  630  656  462 1316  627 3182 4191 2117  592 2791 3559  443  532 2018 2269 2547 3941 1168 2479  982  688  766  622 1458 3587 3511 2849  559 1019 2133 3995 4194
  823 2537 2259 3791 3779 3225 1247 1407  781 2884 2094  176 1251 2767  422 2787 3190 2641 1653 1894 3696  769 1858 3191 1037  483 3097 3572  796 2811 2469 4196 4198  360 1754  954 2911 1927  325 1071 2524 4113 1424 3308 1522 3403 3227 1088 2175 2350 1449 1364 1841 3515 1792 1381  323 2709  498 3873 1200 2932 1566 3343 1342
 3600 2621 1422  391   72 1369  731  605 2109 3484 3330 3024 3411 1847 2613 3322 1799 1384 2065 3996 3815 2187  680  363 2751  310  279 1678  286  152  466 3610 3701 2780 2040 1515 2225 4138  785 3807  719 2152 3006 2240 2664  710 1387  624 1789 3013  763 1068  658 3145 2226 3968 3931  831 3642 3410 2275 2310 2460 4202 3389
  346 4029  515 3103 3763 1679 1361 3362 3993 3955 2407 3309 1509 1699  180 2288 3057  792  672  385  125 2562  145 2379 2589  567 3168 2457 1850 2733  875 1900 2239 2830 3296 1062  847 1944 3082 3828 1488 2633    4 3207 3512 1493 2261 3431  195 3588 2805 1137 2487 2339 2002 2016 3147  184 3298 1157 2482 1486 2284 1716 4111
 2355 3887  646 3869 2294 2569 3232 1072 2893  930  589  651 2074 2908  689 2583 1949  595 1431 1483  706 1795  865 3319 1077 4170  738 3522   81 4024 2433 2228 1100 4011 1620 2495 1195 2685 1748 2642 1244  699 1614 3801 2362 1632 3813 1516 4051  473 2383 1948 2902 2391 2788 4070 4095 1852   34 3641 3244  105 3722 1178  634
 2750  932 1883 1601 1312 1032 1349 1990  925 3546 1851  938 1188 3884 2759   91 1952 1269 3170 2567  654  717  904 1797 4048 3301 3260  780 3507 2829 3346 3724  616 2579  406 4184 1561  455 1031  856  764  601  632 3844 2972 1204 2752 4006 1059 4040  663  858 3952 1750 3719 4071 1550 3565 3335 2503 3019  840 3939 3246  917
 1338 1755 1149 2942 2340 2529 2142  892 2300 3065 2746 1528 2431   18 1494 4018 3863 1225 2551 1276  273 1319  112  171 3248 1884  707 3981 3420 2716 1617 2563  230 2075 2050 3083 1813  744 3517  334 1073 3383 3098 2702 2451 2873 1787 1395 3160 2890  289 4063 1067 1636 3445 2672 3315 1419 1928 1548 3323 3581 2271 3606  911
  427 3760 1854 1588 3089 3806 3796 1423 3918 2439 3229 3054  843   13 3237  508 2643   32 3589 1332  939 1436 3571 2517 3062  408 2116 2690 3220 2960 1166 2698  619  564 3635 3788 1942 3397 2548 3601 1552 4025  375 1323 2257 1213 1688 2399 2380 4128 4167  946  836 3982 2958  321 2028 1235   68 1352  138 1524  376 1002 3615
 1904 4093 1732 1089  396 3499 3503 3008 1950 1652 3878 1401 1998 2434 1127 2489 3898 1220 3769 4203 2405 2414  204 1078  679 2640 1819  700 2697 4217 1592  351 2015 3773 3562 2316 1878   56 3045 2794 3681 1240 3052 3165 1335 2177 3867  300 2221 1753  767 2371 1013  742 3055 1343 1207  302 2176 2220  137  240 2406 3350 3747
 2875  373 1497   52 3756 2373   80 1582 2951 3367 3892 3216 2527 1432 3697 1972   20 1350 2331 3030  587  439 2953  371 1521 2696 4065 3364  945 3529 2946 1742 3974 1896 1139 4079 1152 3750  989  886 2549 1050 1728 1995 1807 2655  522 3104 2689 2898  249  957 4213  159 4092  374 2450 2785 2154 2855 1525 2454  855 2283 3547