 1496   30 1411 1026  328 3943  247 2881 3436  333  483 3348 2118 1562 3748 1389  957 3881 1856 3189  464 3293 1501 2226 3715 3219 3451  688 1046 3225 4191 1743  921  376 2033 1166 1590  632 4131 2157 1511 3506 1610 3793  850 4348 2495  425 2107 2256 3984 2689 3193 4337  411 3493  339 3799 4004 4091  622  371 3216 3004 2061 1836
 3894 2423 1004 1334 1495 4316 2065  493 1453 1967 2110 2651  120  960 1516 4345 2540 4040 3642  874 1266 2996 2071 4197 2303 3238 1666 1498 3024 4270 2654 4079 1112  242 3693 3814  819 2781  194 4260 4109 1961  857  523 3434 2167 3922  806 1633 1781 2016 2338  235 1864 3466  582 1708  571 3271 1762 1821 1182 1695 2563  301 3794
 2763 1737  749 2507 2083 1249 1179  530 2882 2152 3923 2914 1827 4173 2978 2532 1452  667 2694 1930  918 3750 2239 4319 3081 3495  572 1457 2125 1940 3295   12 1165 1205 2449 1865 1156 1650 3832 1325 2616 2139 1123 1358 3512  930 1564  599 1354 2816 3625 3789 3139 4029 3808 4303 2960  750  211  851 1100  312 3851 2575 2667 3029
  917  922 2588 3964 3035 1714 1685 1463 3247 3236 2771 2906  162 2533  450 4039 1549 4170  414 2544 1230  726 3737 2558  927 4115 2344 2430 1832 4103 3015 2860 3254 1335 1028 2058 4307 4007 3721 2975 3287 2921  787 2251 1454  906 2434   96 1329  868 4214 2518  722 1982  844 2941 1108 2422 2096 1118 1006 4064 1487   88 1223 2744
 2546 2620 1121  525  343 1773 1271 1429 4136   74 4237 1507  324 2553  810 3221 4207  298 4021 3776   64  213 3228  782 3275 1996  712 3713 2829 3167  984 2675 4016 1435 2933 1420 1742 1369 2821  600  889 1273 1551 3478 1048 3867 2015 2206 3532  711  823 3877 2502 3872 2915 2669  536 3929 3462 1231 3611  789 3505 3540 1294 3890
 1013 2586 1259 2739 4273 1670 4183   18 3969 3447 1163 1994 4049  286 1817 2185 1113 1185 3136 2460 2457    6  508 3641 3097 1173 2645  697 3988 1596 2690 3330 2296  676  105 1010 3634 2891 2487 4292 2482 1932 4354 2704   81 4206  555 1480 3178 3765 2984 1998 1497 1359 2396 1110 2561 1797 2151  633 4094 3390  591 1357 2875  487
  193  102 4349  215 1131  673  991  890 1000 3412 2742   85 1952 3308 3467 1809 3105 3998  602 1965 2421 3795 1085 2340 1822  204 2137 4057 3062  448 3100 2347  744 2643  829 2662 3582 3325 1556 3359  494 3471 2549 2497 1251 4227 2981 2999 3207 3627 1644 2535  426  775 3344 3742 4208 2020 3431 2918 3069 1699  939  567  590 3064
 3022 3691 1787 2062 2448 3033  453 1364  910 3968 3893 1655 1608 1339 1426  220 3770 2602  427 4135 1595  796  603   70 1659 2855  338 4046 1886  370  279 1776 1043 1631 1937 2217 1628 2988 3141 4138 3704 2818 1098 3760 3424  911 2102 1509 2372 2864 1446  961  202 1485 4192 2391 4171 2632  131  714 3349 3270 3957 3694 3989 3826
 2872 2970 1597 2318 2188 2466 3834 4253  125 2177  860 4217 1626 2094 3557 1047 3562  795 1637 1957 2657 3300 3997 3909 3110 3488  241  133  670 4017 3492 2214 1990 3116 1301 2233 4032 2956 2768 1591 2271  716 2003 1093 2339  696 2199 2052 3897 2755 2705 1692 3950  205  168 4148   29 1088   86 1592 3970 2929   31  985 1152 1663
 1938 3397 2284 1456 3628 3960 4104 3551 2749  689 3931  538 2388 1611  732 2529 2257 3115  649  702 1845  839 1234  719  299 2005 1895 2762 1683 2370 2017 3623 2133 3817 2808 3356 1436 1954  232   80 2195 1384 3574 3607  344  828 2817 3622 3555 2464  664 3262 1187 1903 2944 4184 1736  187 1669 3497 4350 3085  554 1061 2337 3456
  772 3892  524 2180  515 3277 3171 3038  192 1710   61 3377 2182 1976 2207  565 2025 2252  394 3177  217 2964  112    7 1077 1425 2484 3857 2879 4233 2499  455 1055 2948  923 4355 3915 1380   38 2648 2955 3547  913 2009 2608 1218 1893 2760 2494 1919 2650  303 2679 4312 3522 2509 2478 3732 2334 4334 1891 4287 3556 1264 1473 3183
  899  358 3025  334 4211 2235 1640  154 4052  398 2014 2738  967 1780 3727 1972 2082 3939 3364   16 2496  326  271  813 1581 1741 3213 1295 3763 2886 1470 1422 3571  416 3076 2259 1752 3197 3836 1920  568 3315 2225  657  257 2119 3578  101 1370 1278 1850 3712 3728 4182 1575 3550 1021 4278 4066 3049 4236 2963 2706 2519 1031 2638
 3517 3419 2845 1276   19 1554 2333  506 2433 2099 1519  454 2814  752 2572 3086 4193 2788 4118 1896 4264 3284 1694   44 2840  999 4310  424  944 3144 3782 1849 3600 2603 2390 1622 3352  512 3159 2824 3154 3088  616 1125 2091 1589  694 2363 4082 2779  993 1624 2756 2569 1399 1287 2164 3303 4204  519 1101 3583  966   77 2048 1774
 2542 2045 2927 1050 1652 1765 2790 1388 2384 3151 2299 1985  103 2436 1503  821 4168 1275 3091 1175 1711  277 2427 1042 1986 3272 1815 2379 2230 1460   11 3078 1455 2218 2986 2471 4005  735  256  224 1408 3701 2072 3058 1588 2727 3901 3371 3716 2943 3584 2905 1040 3648 3093 2376 4116 4068 2852 1409 1117 3644 1114  167 2691  884
 2007 4326 2011  113  601 3615 1036  613 2453 1619 2715 3374  758 4329  695 4275  637 1534  579 3565 1095 2605 3210 4154 2172 3286  827  180 2686  222 4086 3982 2747  901 3756 2439 1675   76 2837 2729 1760  115 3637 2962 3313 3398 2783 2000 3577 2209 1843 1917  598 3868  395 3408 1045 2631 2355  406 3442 2023 2332 1224   99 3921
 4252 3229 3801  383 2989 1853 2885 3369 4075 4071 3520 2836 1434 2716 4219 1602 2589 1483 3314 1221 4282 3230 2066  248  733  741  757 1922 3358 2805 2598 2483  123 3993 3420 3012 3743  644 3786 2861 3962  135 2678  912 1062  423   14  909 1680 2253  575 2677 1629  468 4246  121  656 3119 3655  510  238 1674 3326 2274  251 1688
 1931 1141  916 2407 1237 1481  770 3914  134 1130  872 2458  892 3779 4077 2550 3023 2216 1716 1216 3835 1027  880 2599  368 1943 2524  346 3614 3722 2639 1713 3498 1579 2179 1351 1087 3862 1851 1104 3865 3767   28 3828 3190 1029 1466 4267   23 3060 3878  971 3513 1754 3160 3587 4107 3289 2327  183 1195  348 2006 2238 4015 3106
 1995 2633 2425 2682 1970 1244  216 4271 1092 1106 4162   35 1203 1656  831 1304 2037 4328  577 1284  792 3252 2369  721  908  932 3455 3906 2976 2038 3036 4012 4322 4167 2626  403 1471 2070  311 2604 3321  986 1484 4259 4301 4067 4296  937 1437 1566 3816  636 1987 2358 3332 1612 1798  542 2954 3613   60 3590  990 3056  548 2813
  978 1030 3958 3288  952 3639  784 1376 3783   54  800 3963  284 2489  291   83 1444  666 2917 4026 4132 3013 1960 2418 3588  997 4070 1506 2046 2583 1521 2131 3040 1115 3266 1909 4137 1744  295 1964 3214 2574 4176  856 1082 3005 1973  708 3389  949 2869 1451 3720 1651 1020  977 1298 3045 4059 3234  210 1313 1854 3874 2995 4045
 3777  489 2804 1779 3539 2953   79 2076 4097 1505 3575 3804 1134 3818 2719 2282 2224 1265  228 1570 1594 2208 1916 2286 4128 2789 1988 1208 3563  221 1415  226 2242 2144 2140 1859  118 1352 4028 3341 1365  854  443 3199  451 2539 3340 4251 1718  360 3328  919 2138 3654 2842 3114  882 3908 3961 2501  790 3855 1015 3155  855 1861
 3499 3944 2793  385 2909 3528 3134 1137 1634 3658 2249 2210 4042  161 4308 2873  956 1421 4002  418 3426 2525 1396 3304 4156 2204  337 2634 1103  701 3568 3212 3917 1241 1560  834  660  172  683 4085 4088  244 2189  412  703 2090 2193 2371 3468 1532 3564 1413  755 2559 1143  659 2924 4340 2835 2807 1689 2431 2085   13 3089 1206
  466  300 3020 3477 2802 1129 1547  152 3092 1180 3360 1328 3053  715  900  561 2521  480 4209 2481 1199 2516 1366 1522 2670 2289 3651  539 1168 3589  936 2022 4023 3696  769 3606 3470 3191  692 2775 2106 1083 1120  606 4140 3241 3907 3790  584  563  407 3871 4285 3569 2700  381 3000 2736 1001 1617 3549 2080 1775 3511 2580 3117
 4121 2279 1898 3087 4159 3232  547  280  214 4198  612  243  888 3380 1971 1373 3671 2446  655 3527 3186 3534 1424 2826 2018  467 3635  559 1238 3652   26 2248 3787 1950 1654 3698  807 1818 2721  151 1571 2386 2064 2030 1520 3995 3281 1256 2862 3524  723 3430  998 1144 1286  495 3738 3829   57 3483 3347 1289 3854 1247 2380 3812
 1620  452 2681  946 2267 1759 4130 2244 3250  444 1660 3683 3706 1852  631 2092 2159 2493 4092 3031 4235   24 1722 3294 3981 3169 1819 2819 3381  149 1427 1630  541 3067 3411  400  754 1311 3888 1065 3617  808 2935 2145  727 1007  281 2751 3959 3966 3361  771 2389  663 3665 2504 3290   82 3168 2707 3529 2149  628  958 2965 1477
  437 3656 3661 4050 3323 1032 3761 4203 1012 4020 1872  319  163 4343 1869 1394  287  569 1068  753 3383 2192 1740 2966 2488 3548 3484  992 4099 3740 3640 4084 1149  527  983 2170 2324 3675 2141 1786  514 4220 1578 2714 3822 1778 2688  788 1063 1527 1948 2335 1476 3686 1927 1090 1372  359 4189 3440 3312  402  518 2656  730  746
 2655  736  704 1138 2892 3194 3811 1060 3079 1933  959   68 3166 2132 1749 3068  646  236 3916 3351 1239  488 2098 2485 1953 4306 1345 3692 2991 2452 2566 4196 1306 1490 1535 3120 1533 3719 1038 3065 1777   58 1324 1297 2617 4093   84 3148 4231 4338 1912 1726 3545  623 2578 2262  175  374 4019 3382 1904 2728 1876  976 2832 2792
 4295 3355 3174  951  432 2923 1848 2442 3185 2158 1197 2109 3616  576 2853 1243 3251 1871   52   65  229 4265  728  647 2798  814   27  354 3945  549 1254 2392 1431 2800 3650  836 2647 4356  742 4212  608 3910 3472 2611 3840  117 3401 4187 2357  774 1342 2268 3825 4239 1371 2295  904   33 3099 3749 3205 3925 2354  817 3083 1723
 3082 2931   90 2160 1531 2767 1763 4272 2904  336 2437  352 3400 3710  907 2703 4102 4056 1783 2112 2556  751 3319  227 2919 3048 4095 4268 2652 1459  195 3342  738 1866 2622  223 2673  461 1303 1227  804 4294 1785 3885 3146 1003 2967 3536 2776 2246 1706 1406 2270  355 1499  160 3019 4129  551 1761  475 2169 2910  709 2887 3991
 3476 1641 2143 1833 4151 1526 1528 3947  278 4025  315 1116 3274 4226 3280 1934 2245 1417 1356 1508 2134 2059  570 2568 4001 3395 2229 3073 3526 2676 2898 3263 2086 4003 3113 2660 1887 1719 2240 3044  366 3301 1580  410  820 1500 2734  176 2582 1432 1784 2541  552  364 4175  894 4195  875  349  393  321 1056 2406 3112 4006 3494
  785 1623  621 1863 2168 2047  463 2674 2791  285 3936 3940 2403 2331  182 4347 3772 2290 1017  472 2642 1039  574 2197 1184 4124 1023 1577 1350 3414 2505 2782  865 2992 2366 3490 1673 4177 1772 2475 3709 1733 3454 1067 4199  146 3482  816 2191 4190 2876 3662 1625  845 2297 1191 3684 2273  110 4030 1188 1739 2382 2624 3196  841
 3674 2469 2153 3503 2590  476 1291   51 1513 4243  980 2971  138 2171 3745 3316 2856 1081  502  317 4291 2916 3996 2942 1538  968 3798 3336  781 2777 1383 2827 2592  496 3697   34 3932 1676  486 3659 1572  592 4299 3810  963 1945 2868  550  127 1320 3253 2416 3519   36  589    4 3204  943 1132 3813 4122  942 3946 3037 2412 4202
  684  206 4033 2630 4241 3879 3215 2035 1609 2672 3978 2409 2186 3544 1794 3669 3849 2148  934 3449 1550 4166 1983 2258  329 3338 4242 4060 2278 1037  545 2595 1307 3402 1139  274 4065  458 1553  111 2408  528 3838 2343  442 3685 1980 3682 2241 4164  557  465  873  920  669 1755 1300 4142  310 2745 3486 2806    3 4234  350    1
 2313  375 2399 1410  178 1465 3094 2317 1667 1076 4053 2947 3841  578 2166 3852 3445 2710  595 2825 1212 4200 1600  903  392 2288 1569  665 3585 1537 3131 3363 2393 1802  540  391 2073 2636 1682 3268 3725 2053  643 4141 4244 3531 2004 2750 4110 2899  840 1991  926 3337 1558 3050   98 3121 3034 1148 1605 1064 2567 2723 3833  250
 1378  672 2514 2897    5 2838 3518 2848 1530 4113 1729 2417 3072 1274 2593 4055 1242  560 2057 3165  629 1255 1096 2124 3438 2893  731 1582 3164 1607 3324   10 4090 4043 2200 2725 2476 3690 1258   97  122 2113 4298 2522 2612 3220  404  234  965  342 3156 1215 3162 2467   73  482 3516 3130 3708 2907 4256  778 1546 2419 4288 2937
 2121 4321  422 3260 3800 2758  164 1252  739 2908  558 2709 2147 4331 1979 2537 4163  626  325 1059 3245  713 3421 1347 1583 1400   93 2697 1204 1111 1367 4180 3173 2810 3880  469  962  809  144 3096 2234 1377 3844 3051 3427 1167 1142 1750  693 2701  979 2400 4147 4323 3681 3586  981  794 4153 3695 2920 1648 3208 2577  811 2609
 1467 2828 2880 3965 1228 1330 4149  635   17 1791 1109 3831 3125  304  440 2708 2163 3458 1799 2969  740 1321 2012 3074  290  679 3980 4114 1792 3676  132  767 1942 4320 3346 2517 1072 1044 2260   69 3464 4289  231 3387 2255 2990 2397 3018 2985  230  556 2867 3714 1181 3956 1830 2940  137 3385  198 1804 4238 3181 2305  756 4144
 1337 1731 3147 1419  724 2130 2951 3248 2342 2959 2945 3747 4223 1151  252 2913 2794 1154   47 1563 2635 2581 3239 1186 2077 1267 3552 1162 1835 3570  157 2032 3895  265 3133 3001  905 3475 1157 3660 3195 2215  825  399 1079 1332 2353 3624 2056 3459 1404 3231 1127 2443  142 3803 2150 3267 1524 1911 2555  668 1107 3875 3011 3465
 1808 1679 3305 1883 2732 4279 3317 2328 3242   40  867 4100 3533 4346 3672 1084 2310 2629 2203 2127 1568  428 1730 3378 1574 1159 3127  513  520  793 1831 3976 1051  179  651 4081  266 2036 3631  705 3366 2748   72 1310 2772 1494  201 1327 1599 3792 3824 4213 1233 2492 4165  357 2111 1642 2625 4274 2232 2470 2797 2117 2190 1677
 4341 4073 3730 4249 2455 1567  924  438  777  219 2269 3955 1618 2698 3396 3161 2304 3677 3302  186 3633 1829  478  413 1548  380  883 1539  988 3016 1536 3839  931 4309 1810 3153  954 2730 1803 1672 1323 2223 2731 1277 1445 1955 3291 2764 4215 2093 1709 2415  780 3567 2173 1557 2952 2459  109  607 1392 3784 3391 1202 1403 4181
 2702 2877 2713 3416 1362  833 2571 2570   43   21 2445  258  433 1807 3985 1024 3566 2512 2367 1951 1523 3751 4098 2950 2610 1386 3170 1814  119  269 4072  662 2564 2644 1824  490 4188 2231 3953 2385 1402 3264 1801 3279 1438 2811 3673 3415 1867 1601  436 2812 1340 1790 3296 2653 2325 3226 1331 2041 2874 3774 2275  761 1753  384
 1433 1844 2780 1280 1071 1016 1461 2220 1478 3823 1846  390 1905 2181 1698 1153  797 3384 3403  531 2451 3597 2711 1687 4063   15 1150 2778 3726  773 4011 2394 3972 1906 3846 1966  159 2314 1968 1472 1756 4158 1448 4105 2447 2884 1170 4112 3307 2019 2601 3399 3638 1541  106 4031 1701 1385 1078  270 2440 1890 2298 3933 3362   49
 2097  846 1875 2187 3797  181 4262 3273 1616 2618  826 1288  861 1305 1542  562  345 4352 4117 3423  498 3322  853 1198  173 3602 3861 3311 1262 3433  507 2883 3203 3723 1069 2510  843 1260 1700 2362  491  421 3941 4044 3368  335 1322 1720 4083 1858 3265 4344 2291 2795 3928 1145  503 3864 1057 2010  945 1657 4311 4297 1105 1735
 1769 3601  363  803 1161  492  835 2659  940 2040  544 1956  611 2870 1900 3095  153  830 2846  973 1614 3869 3595 3443 1862 2050 2503 2309  885  707 3530 1639  245 4126  189 3913 3109 3558 3949  720 4013 3653 3206 2276 1707 3731 1489 3987 1269 2424 4127 2348 2911 2349  387 4230 2414 2477  141 4276 2196  156 2980 2178 2665 1935
 1253 3500   20 2841 2786  108 2490 2977  237 1462 1840 1941 3222 1122 2902 3920 1052 3572 1766 2740 3425  417 3809  691 2997  996 1011 3543 2666 3937  165 3446 2293 1721 2770 2351 3994 2261 2346 3237 2545 3734 3502  259   87 2222  698  887  268 2865 2822 1119  177 3409 1649 1099 2511 2839 1823 2974 3843 1963 1235 1697 3689 4038
  209  747  185 4034 1236 2221 3845 2687  876 3755 4258 1606 3954 3192  760 4263 3027 1635  136 4300  687 1928 3249 3118 2565 2930  645 3535  331   66  377  441 3882 1474 2737 1975 1486 4281  791 1374 1684 3487   75 4047 1309 2896 3061 3217 3870 2523 3043  802  289 3612  974  972 3002 2103 1146 1217 3905 2101 4008 1391 3935  314
  116 4327  580  982  388 1545 3859 1748 3439 2627 4096 3152 3900 1390 2890 2426 2146  710 3450 1944 3172 2685 3707 1981 1559 1603  296  586 3030 1908 2820  537 1428 3927 1643 2468 3758 4155 3461 2844 1189 3559  429 1397 3188 3128 3041 4351 2142 1314  675   39 1418  743 3630 3608  351  261 1897 3046 1464 4286 2087  521 1929  805
  323 2878 1360 3986  104  852 4054 3850 3233 3126 1439 2294 2552 1353 1913  307 2628  862 3746 1226 1049 2176 4313 4232 3179 3496 2799 3071 2129   48 1926 2411 1316 4353 2301 3429 2361 3054 3581    9 2330  671 3261 1299 3830  479 4036 2377  361 2374 1207  419 3593  347  699 1715 2034 3687 1018  431 3055 2784 2903 2398  891 2263
 2562 1880 3591 2300 3952 2074  573 1671 3175 3523 3258 1924  870 2472 3573 3209  652 2219 2594 3778 1925  504 2055 2479 3335 3297  685  526 3129 2356  208  459 2928 1923 1213 3610 1847 1525 2120 2360 2637  878 4169  897 1686 2441 1493 4266  822  288 1442 3967 2277 2456 1885 3309 1820  798 3884 1458 1053 2554 3525  218 3592 1632
 3990 1232 1540 4009 2757 1008 3084  681 1882  430 3223 2154 2579   53  340 1884 1746 3010 3375 3791 1857 1874 4290 3926 4205  341 4179 2281 2432 1690 2205  294   67  456 3769 1678 1517 4293  114  485 1946 3198 4037 2515 2444 2387 2871  356 3604 3437  593 2787   41  100 2712 1894 2680 1638 2323 2266 1097 3599 4332 2410 2600 1193
  995 3298  362 3605  499 2695 1333  449  197 3858 1190 1621 2894  748 1732 3903 3059 1646 3211 2031 1229 3255 1349 1361 1009 2520 2054 3017 1479  322 3821  871 3320  594 2322  158 4145  386 1705 3621 3365 3537 3863 1375  405 4120 3643 1878 1613  462 3509 1270 4225 2013  915 3757 3514   55 4143 2060  297 2042 3504 4108 3394 2850
 1449 2373  283 2429  881 4283 2395 2773 3026 3032  318 3744  305  264 3546  553  409 3979  396  139 2854 1907  648  320 3883 1034 2044  253 3292  566 3973 3521 2936 2746 1211 1412 2254 3187 2925  725 2027 3856 2752 1585 4041 2735  401 3657 2067 1796 1768 2316 4210 2557  938 2576 3898 3974 1414 3392 2069 1658  948 3098 4119 1661
  140 2462 3103 2615 3934 1430 2851 2250 2661 2365 2560 2946 3805 2500 2350 1841 3668  267 1758 4224 2264  706 2311 3501 2973   78 4111 2717 2236 3235 3042 1921 1315 1393 2063  859 1074 3243  605 3108  415 1812 3318  614  765 3619 2265 4218 1565 1245 3066  818 3418 1336 2668   22  262  148 2463 2079 2175 3122  379 3942 2306 3256
 1272 3842 2849 1870 1124 2513 4254 4150 3350 1962 3410 2474 1054 4284 1767 2114  534 1879 1999 3299  408 2663 1702 1627 2621 1800  596  975 1355 3866 3853 2534 4315 1033 2364 3718  766 2420   56 4324 2922  447 2428  397 4280 1696 2858  745  898 3386 3047 1022  824  517 1343 1518 4061 4245 1346 2587 1747  639 1041 3075  718 2998
 1604  615 3039 2720 3285 2078 2162 3886 3137 1788 2683  585  460 3739  313 3819  532 2831 3480 3678 3764 3202 3649 1811 1615 2280  955 2766 3370 2194 4089 2243 1598 1789  832 3711 2623  373  272 2105 2081  240 3003 4018 3143 4257  128 3632 2498 2968 1889 1128 2049 2961 1727 3432 1338 1947  678 1177 1086 1089  842 1997 1793 1005
 2198  292 2486 1405 1989 3911 3149 3282 3876  446 2912 4336 3951 3680 3485  837 1155 4076 3240 2543 4157 2591 3889  661  470 3452 1573 3158 1070 3999  474 3200 1302 3679 3489 2292 1183  184 1839  604  501 1757   46 2095 1196 1681 1664 1860 1555 3775  583 3603  199 2761  225  233 3510  682 4174 3663 2320  847  477 3405 2801 1653
 4339 1381  634 3702 1837  700 1468  925 4087  170 1949 3080 2889 2075 4318    2  130  306 2538 1363 1724 2359 4022 1441  439 3515 2938 3887  620 1326 2815 1423 2378 1782  246 2480  624 4078 2785 1826  734   25 3788 3372 1293 3948 2859 4014 3553 1174 2285 3014 2272 3618 2606 4216 3629  273 4123 2584  625 4058  471 3388 1169   89
 1515 3609 2843  987 4000  535 2692  690 1469  779 2613 2021 3561 1091  263 2972 4172 4101  500 3278 3283 1910  378 1825  609 3333 1416 1395 1066 1915 1482 2336 3428 3407  935 2646 2769  434 3329 2413 2809 3771 2536 3542 3576  107 2024  369  473 2084  933 2684 3469 1586 3481 3327 2932  686  124 1002 3636 3768 3754 4229 1984  895
 2508 2664 2863 4178 4074 2803 1171 4185 2312 4317  171 1838 2051 4027 1019 1974 1902 2135 4062 3474 1936  150 1210 3666 1222  928 3373 1647  382  196  914 1094 1172 1806 4048 3919  815 2001 3753 2184 3150  618  505 2008 2068 1308 3257 1703 3647  763 2640 2473 3860 1147 1868 4051 2774 3123 3646 1282 2900 1918  869  190 1502  367
 3339 1379 4305 2454 3104 2866 1279 3837 3667 4269 2847 2939 3815    8 3975  947 2383  783 3269 1914  255 3827  902 3699 3971 3457 3463  838 1512 3977 1312 1200 1544 1593 4010 3664 2122 1025 1075 1290 3077 3992   37 2506 1855  332  309  893  353 3807 3560  372 1738 2287 3703 2531  674 2201  879  630 3759 3773  249 1816  239   94
 2830 2979 3538 1668 1220 3460  587 1319 1317 4304   42  516 1126 1268 4080 1992 3124 3918 3729 3417 3912 2573 4277  610 3435 2658 2901 2136 3180 3227  389 1939 2982 2461 1725 1492  799 1717 4069 2823 2212 1080 3006 1014 2528  642 2174 1261  126 2405   59 3201 3645  858  581 3090  776  166 4194 2108 1219 3310 3733 1283 2926  445
 2597 2765  543 4342 3902 2307 2315 3735 2302 2115 4133 1978 1450   45 3176  953 1712  896 1576 3598 3057 3806  886 4035 2043 4024 2026 2438 4139 2352 1504 1201 1246 2368  640 1263 1443 2100 4146  801  680 3448  653 1764 1140 2104  509 2213 1257 3145 1745  155 3541 2402 4152 1135 3379 3796  717 2329 1387  293 1514 2089 4247 2029
 3848  275 2699  327 4325 3101 2156 4228 3367 1475  511  941 3376 2527  533 1529  316  969 2319 1368 2227 2326 3820 3983 3218  212 2530 4330 1977 2404 2028  365  641 1488 2548 3140 4302 2088 4186 1805  129 3444 2741  522 3873 4333 4248   71 2983  929 3785 1510 1209 1285 2949 1899 2607  650 1407 1240 1842 2321 3334 3357 1136  169
  658 1133 3904 2754 3891 1734 1214 3580  546 1178 4261 1704 3182  564 3781 3353  302 2726 1348 2596 4125  786 3008 4250   62  627 1552 2993 2649  174 2465  950 3393 1440 3705 1543 3594 3007 3345 3896 3413 2381 3246 3306  203   50 1341 1728  145 1892 1888 4160  964 3847  254 1160  457 3111 1969 3620 2857 1225 2834 1828 1344 2585
 3724 2724 1881 2888   92 1401 1584  638  768 3780 2161  617 1561 2551 3135 2375 1834 3404 2155  849 3766 3924  764 2934  970 3354 2183 1873 1691 2614 2753 3752 1398 2039  597 3736 2002  762 4106 1813 3422 1281 1176 1993 4335  147  191  994 2958 1073 3554 1158 2957 3070 4314 1382  863 3259  812 3406 2308  737 3899 1248 3063 3028
 3802 3052 3102   63 3132 1645 3138 1194 3142 3930  677 3688 4134 4201  529 1447 2126 2341 3441  276 1102  848 3579   91  866 3508 1250 2987 1491 4240 4255  260 3276  330  989 1318 2994 2796 2693 3244  481  207 2228  435 2722 3479 2211 3331 1164 1958 1665 1751 3491 3163  729 3473 2283 1296  200 1058 2237 1292 1959 4222 2345 3224
 3626 2895 1587 1192  654 3717 2128 3184 4161   32 2833  497 3741 2491 2247  588 2641 2619 3670 3021 2450 2123 3107 3507 4221 1636 3453 3938  759 1662 3596 1035   95 3762 2759  877 2696 1770 2435 2733 2671  484 2526 1771 2401  420 2165 2547  619 1901 2202 3700 1693  143 3343  864 3009 2116 3157 2743  282  188 1795  308 1877 2718