   37  450 4027 1149 2899 4180 3728 2456 2965 3328 1748 1329  714 1307 3456 1836 1354  418 4122 3615 3965 2795  417  254 4068 2507 2376  153 3830  464  878 1586 4355 3984 3104 1777 3935 3776  563 2036 2834 1661  720 3121 2789 1480 2201 1969  546 2311 2854 2144 1552  982 1802 1863  539 3686 3318 4145 1469  125 3203  175 2900 1451
 3068 2431 3202 4199 2501 3234  946 1273  979   59 2197 2569 1924 4300 2177  122 3966  239 4335 2716 1456 2444  764  486  634 3287 4219 1257 1314 2317 2990  217  645 3684 2189 1277 2855 3467 2938 4038 2710 3184 1713 2652  646 3011 1721 2394 1297    2 4084 2146 3006 3306 2071  949   35 3569 3464 1855 1066 3214 2563 1715  951 1542
 3539 3831 4106 1738 2273  533  623  773 2435  777 2683 3170  980 1630 3865 2645 1251 2642 3119 1957  821 1830 2617 1587 3261  668 3327  825 1180 3378  429  656 4160 3336 3111 2986 2315 3269 2805  268 2234  798 2589 3209 2233 2939  113 3602  492 4208 1123  830 3375  520  188 3548 2825  189 3014 3972 4256 1660 2905 1436 3554  570
 2630  767  106 3651 1182 1530 4022 2011 1541 4177 3593 1553 3501 4295 2447 2872 1303 2458 3764 2753 3388 2040 4147 1679 1589 4047 1511 2522 2408 1931  147 3254 1498 1570 1153 2059  959  844 4321 1567 2585 3038 3672 3291 3370   67 1440  314 1653 3474 1600 2365 1531 1491 3478 1114  516 4188   68  333 2699 2660   48 2214  784 2998
  667  853 3434  984 2176 1687 1024 1508 3864 2654 2545  657 3443 3632 1027 4229 3790 1357  966  534 4178 4119 2893  573 3337 1500  438 1434 2218  356  460 1963 3663 1758 1921 2530 1294 3235 1657 2555 2354 1626 3486 2266 1609 3951 2212 3196   40 2686 3558 2279 3513  945 1759 1186  562 3880 1376 2334 3183 2759 1205 2411 3948 2344
 3635 2959 3087  852 2298 3877 2684 2265 1207 4222 3559 3181  914  981 3244 2514 3073 1954 3835 1935 1736 1743 2509 4265 1716 1535 3357 1779 3504 2676 2446  763 1229  620 1308 3452 2156 3801 1851 2706 1920 1848 1472 3614 1039 1387 1976 1007 1956 1154 2583 1269 3084 4151 2593 1373 1641  869 3098 2495  118  850  786  578 2352 1140
 1726 1316 2418 2006 1321  887 1785 2136 3188 2373 1627 2926  368 2267 1041  191 1621  788 2876 1769 3708 4153 1853 1003 2498 2159 2813 3893 4035 3815  735 1559  104  682 1944  213   99 2246  922  257 3387 4264 3710 1296 3424 3285 1311 4310 4271 3313 4176  681 1899 1667 3171 3906 3597 1618 3198 4004  955 2961 1128 2694  627 1607
 4082 3760 2696   22  330  470 4315 3938 1946 1170 1096 3578 1566 3124 2207 3519 3139 2906 3515 3829  328  463 1010 1634 2584   46 1893 2765 2285 3330 4182 1557 1252  439 4337 1538 3653 2806 3422 1369 3401 2831 1512 1998 1547 1741  136 1683 2481 2367 2196 3206  294 1224 3667 2359 2166  740 1518 3749  831 2860 1910 1301 3757  205
 3223 1189 2021 2258 3009 3164  379 3561 1749 4317 3846  718 1156 1555 2490 4242 3862 1197 3977  395 2002  606 1545  130 3755 2318 2754  455 4253 2278 3491  929  635 2496 3155 2904 4158 2669 4164 3036  174 3300 3904  733 1770 2440 2756  215   96 3545 2028  771 1818  491 1437 2402 2833  146 3958  293 2828  932 3091 3273  881 1625
 3870  341 3853 3062 1045 1822 2229 4268 2443 1053 1327 3127 2745 1932 2031 1430 3256 3534 1299 3769 3469  370 4170 1095 3055 3706 2561  870 1055 2847  863 4087 3694 3303 1867 2105 4175 2199 2142 3550 2008 3851  363 3397  472 3292  801 2388  531  828 2048   78  434 1752  227 2242 2748 3045 1841 2062  198 1599  967 1629 1312 4049
 2392  741 3477 3079  884 4001 1737 2760  614 2305   27 4009  476 1915 2216 3367 3898 2656 3433 3587 4018 1794  231   12 1015 3505 2536 1561 2815 3546  568 3678 4010 1712   58 1812 1872 3082  592 3713 1520  841 1025 1322 2508 3697 2230  675  301 3406  864  653  651  523 2380 3259 3218  297 2383 2915 1993 3341 3277 2225 4326 4247
 2110  466  722 3253 3973 1829 1831 2824 3576  514 3077   60 1390  399 2347 2559  619 1424 2054 2755 2987 1690 3415 3065  250 3643 2114 3364 1878  140 1134 1558 3690  343 4282 4278  349 1124  435 2791 4139 2659 2172 2717 3529 3622  716 1734   85  729 4320 4279 3557 1525 2415  871  969 3403  607 3405 3891 4025 2140 1967  337 3656
 3799 4190 4051 1337 3748 2916 3910   10 2478  838  637 4163  721 3175  289  532  396 4085 4109  318 3107 1674 1103  755 2165 2853 3182  230 2379 1065 3448  977 2908  222 1972    1 4166 3717 4113 3137 2635 2111 2517  654  168 1897 3857 1400 2641 3161 1220 4230 2184 1521 3249 1942 3458 2615 2099 1435  707 1192   38 4017 2386 1571
 3741 1353 2064 2272 4040 3768 3075  530 3148  275 1631 3792 3250 4118 3252 2629  652 4232 1385  687 3057 2145 2644 4030 2192 1505 3004  665  437 1925  509 2773 3133 2041   14 1459 2368 3212 3568 3258  839 1756 2398 2944   53 2923  107  270 3131 1282 3921 2281 3255 2180 4201 1393 3725 3736 2819 1256 2703 1264  120  298  787  306
 1908 3838 3674 1344 2141 2575 3342  431 4000 2083 4334 1395 2241  161 4149 3351 1971 3353   16 3490 3514 1858 3696 4351  110 1720 1338 1979 3586 2542 1473 1479 3279 3995 1009  785  628  711 1417 1412 1496   82 2940   24 2465 1188 2179 2511  269   54 1735 3858  281 2351 2170 2200  921 3599 2930 3060  626 2235 2240 3455 3915 4318
  206  308 1952 3289 2861 1509 1922 3723  339 1941  332 1245 3390 1578  521 4294 2032 2851 3981  105 4024  717 3003 2215 4137 2747 1304 3549  605 3655 1122 2743 1497 3472  473 1011  650 1795 1138 2442 1595 2972 1980 1349 2292 1221 2441 2807 3354 1714 1849 3627 3372  885 3859 1446 3329 2891 1019  480 4285 3562 1406 4260 3823 1285
 3677 4055 1729 1166 1360 1200 3025 3215 1418 1896 1808 2609 1614 1645 3053 2321 3785 3322 2500   89 2042 1857  631 1670 3843 1280 3323 2077 1582 2740  178 2123 1605 3496 2044  522 2846 2259 3090 1536 1540 2186 2977 1862 3960  518  598 4303 2437 2739 1169 3335 2293 3072 2557  280 2662  587  595 1722 2512 2133 4290 2829  291 4103
 1194 4067 3601 1088 2888 1850 3733 2255 1167  500  336  917 3784 2020  987 3168 2448 3834  244  310 1268 2303 1763 4136 2341 1510 1102 4172 2391  184 2845 4074 2427 2883 3350  728  234 1635  596 2336 3623 2412 3521 2677  129 2752 3411  548 1879 2879  538 1260 2366 4331  334 4353 2335 2895 3191 2238 1842 1101  101 3925 2390 4081
  324 1707   84 3430 2864 3577  679 3056 1537 1319 2482 3138 3103 1797  329  478 3383 3461 3395 3765 1150 1961 3064 3489  380 1173 3438  345 2492 1739 4250 4267 2560 2692 3007  461 2449 1730 1008 2420 2911 3855 2348 3770 1249 2785 2306 4202 3123 2735  441 3102 2356 3970 2897  364  952 3187  309  242 3532  891 1013 2320  163  775
 1382  124 3820 2463 1168 1799 1290  835 2921 1386  948   87 2037 3887 2436 1334 2019 2181  713 2231  526 3583 4169  316 2520 3541 2528 1838  965 3818 1119 1597 4121 4189 2374  134  320 4019 3319 1345 2541 1918 3069 3556 1804 3582  669 4221 2766 1916  545  560 2453 3688 3061  719 3878 1888 2151 2809 1827 2340 2782 3385  789 3462
 1026 2547  725  479 2811 1078 1087  961 1994  930 3074 2535 2060 1237 2419 1746 1887  566 1116 1239 3167  782 3920 3721 3800 3338 3669 3017 3105  506 3746 1539  655   63 4226 1183 2206 1883 1732 2147  879  743  342 1422  544    3 4217 4072 3896 4143 2725 3560 1821 1760 3872 4240 2163 3660 4205 2744  597 1788 2362 3293 3220 1588
  730 2878 1689 4186 4034  194 3702  604 3523 2951  489 1325 3579 2841 1464 3186 2865 2173 3874 2396  384 1774 3642  295  162 2476 1639 3495 3971 2997 3902  610  558 2178 2733 4063  156 1834  662 4096 2055 3565 3229 3624  820 1869 1318 1522 1157  375 2962 1984 4305 3391  815 1943 2724  347 2098 1771  760 2949 3267 1259 2970  392
 2101 1803 2954 2980 2709 2674 2995 1751 4255 4101 3217 1062  410 1211 2643 3246  155 1254 3242 1981 1962 4231  148  422 1974 2863 3436 2120 3463 2416 1773 3783 3236  430 3108 3066   71 3894 2700  216 3940  727  819  950  574 3204 3041 1466  374 3720 1444 1644 3429 1461 1665  236 4352  511 1953 1388 2127 4289 4014  144 1926 2327
 3730  813 1006  565 2438 2955 3552 1807  287 2080  241 4013   75 1267 3193 3494 2525 1928 1793 3941 2682 2553 2552 3180 1506 3120 1950 2168 1250 4080 1484 1468 3224 3100  581 1335 3654  276 2407 2414  326 4274 2188 2810 3280   17  582 4252 3685 1997 2113 3738  496 3990 2333 3216  224  271 3837 4128 3484  661  536 3099 1546   11
 1099 3002 4287  580 2202 3085 3879  484 3027 1408 3400  177 2548 1656 1835 3227 1927 1231 3147  591  622 3640   26 1654 1135 3535 2096 2924 2721  166 2590 1809 3149 1649 3343 1234 3567 4062 4086  585 1859  701 2640 3595  398 3352 2339 4120 3437 3724 3814 1067  935  910 1202 3832  400  111 2670  731 2592 2251  165 3704 2816 3031
 3145 2711 3806 3321  905 1132 2209 3428 1002 3281  114 4008  769 2244 2290 2898 3752 3804   95  240  847 2249 1051 1534 1786 1840 2013 2039  572 3998 4065 1527 2586 1958 1037 2823 2469 3683  942  902 2799 1255 4117   64 4196 1776 3144  810 2065  745 3661 4213 1218 1782  715 2529 1097 3650 1526 3926 2802 1744 2116 4200 1281 1275
 4330 3897 3162  900 2712 1226 3265 3939 3163 2012 1462 2714 1467  695 3751  237 1640 2248 3729 1488 2917 3016  542   76 3468 2708  483 2784 2174  802 3310  960 3475 2624 2741 2596 3852 1731 2389  327 1130  535 3727 2996 2680 3841  171 2421 2029 4233  807 1806 1824 3564 2355 1070  644  179  791 2884 2364  832 2190 2985 2901 1810
 1213 4251 2185 4061 2091  703 3735 1504 1378 3718 4350 3018 1514 2626 1987 3592 1076 3903 2672  747   23  795 2132 3404 1074 2869 3200 2211 2149 1054  454 2734 2274 2243  376 3633  779 1632 4131  876  292  621 1948 3875 1482 1574 3750 3680 2452 3122  806 3682 3884 1236 2284 4297 2252  670  564  947 1805  736 3699 1375  493 3888
   98 2933  264 1238 3528 2896 3737 1820 3301 1615 1856  485 3304 3369  759  412  770 3498  481 4124  943 3912 3012 2208  738  953 4026 2100 3913  973 1624  748 3485 3914 4296 3205  761 1529 3563 2250 1447 4356 2466 1032 1215   42 2818 3520 2551 1865 1366  780 2715 2082 3396  892  393 2665 2794  212 3796 3876 3919  577 1791 2574
 3822 2213 1305 2689 3288 3176 2219 1160  248  968 2381 2636  261 3150 2169 4020  288 2564 3154  907  541 2475 2223 4016 1121 2467 2485 2143 3988 2543 3442 1172  817 1796  444 4126 2988 2838 4301 4257 2881 2976 4259 3421 2770 1494  537   65 2634  219 1781  693 2119  766 3573 2729 2646 1118  964  214 1772 1601 3048 2346 2338 2016
 3732 3575 1706 4224  388 1185 1844 1050 2372 2723 2953  401 1476 1533 2849 1352 3747 1801 2550  750 2429 4207  223 3621  783 2130 3418 3129 1394 2705 1144   30 2850 3780 1698 2506  989 1117  746 3271 3506 2474 2171 3152 1389 1049 4197  519 4167 3600 3325 2464 3197    5 2856 3842 3881  365  978 1938 2034  640 1815  303 4156 1377
 4130 2821 4218   83  256 3275 1676 2378 2761  593 1666 2299 2880 3574 2571 1288 3113  896 1021  862 4116 1465  331 3408 4141 1742 3810 2291 1895  405 2023 2222 2582 3986 2679 1970 3376 1594 1012 1766  305  672  677 1486  994 3315 2698 4348 2015 2328 3195 1415 1825 4214 4223  647  552 1416 1038 2484 3192 3039 1222 2395 2343 2568
 2403 1346  143 4029 2433  685 1778 3222 3772  683 3128 1913 4333 1814 1826  814 2562  834 2193 3629 2385 4225  990 1882 1073  117  232 4277 3032 3482 2964  373 2633  192 2777 1298 1982 1581 1069  279 2053 1142 4171 2826 2796 1583   56 3001 4354 3207 3174 2832 2531 1573 1086  944 4069 2627 3742  411 4057 2198 3233  940  465 4327
 2808  956  322 1384  221  462  428 2092 1064 2161 2650  469 1219  897 3264 1507 3657 4235 3169 3510 2607 2413  154 3572 3488 4114 2984 2027 1750  471 2254 1717 4042 3819 3402 1136 1241 4187 4134 3126  524 2991  659 3479 3731   32 2663  599  201  724 1163 4056 3317 4076 3019 2610 1438 4006 1610 4179 1100 2426  251  875 1495 3444
  561 3836  700 3517  749 2363 3334 3360  358 1391 2797 1265 1532 1668 2203 2570 1528 1711 3638 2257  993 1813 2227 1291 3788 2295 3662 3625   33 3008 4125 4060 2935 1996 1399 1885  705  866 2979 3499 1071 4344 1036 3761 2738 1606 2253 1392 1757 1906  404   66 1426 4107 1029 2182 2434 3413 1085 3918 1175 1905 3959 1846 2957 1489
  265 4132 1900 2360  180 3015 1151 2781 3670  407 1990  772 4306 1340 3305 1966 2450 1493  290 4036   20  702 1079 4102 2422 2666 1293 1917 1047 3240 1046 3419 2927 3423 3141 3850 2038 1881 3543 4112 3058 2194 2417 2604  723 1655 4210 3863 2094 3637 1516 3326  890 1686 1951  182  937 2775 4048  792 3070  321 1471 1397 1936 1351
   80 3231 2852 2874 2587 2912 3332 2730 2950 1876 2966 4246 1098 2090 2842  459  928 1620  797 3078  456 2345 3417  220 2069  159  999 3895 1370 2401  512 2524  836 1564 3886 1367 3112 2024 4015 4079 2786 1884 1889  823 1524 1148 1452 1562 2331  594 4204 3460 3607  827  754 3051  432 3745 3308 3420 3497 2183 2047 4312  433 1710
  152  315 3553 2085 2137 2868  555 3527 4299 4093 4215 3616 1423 3787  906 3248  508 3581 1873  421 2907 3142 3522 2129 2873 1703  543  424 3584   21 1671 4135 2117 3611 4347 2903 1112 4298  474  894 3979  692 3511 1083  409 4090  141 1235 2941  371 3503  423  923 1145 2097  260 3480  901 1704  311 2384 1978 3118 3711 2999 2820
 2081 3311  676 2975  286 4007 3526 4043   25 1439  549 3908 2546 2494 3868 1343 3135 3297 1955 1433 3386 2675  377 2382 1501 1111 3349 2595 3136  499 3298 3299 2313 3416  164 4104 3361  579 1761 2236 2750 2480 2928 2073 3695  196 1309 1035 3839   19  348 3555  382 2195  933 4129 3471 2664   62 1663 4174 2526  908 1544  826 1638
  895 1959  357  187 1228  415  528 1622 2428 3639 4236 2410 1939 1592 3844 3095  625 2960 1719 2667 1094 4342 2063 3641 3828  551 4243 2003 1348 1975  936 2945 1819  447  525 2510 1292 1692 2909 3368 3226  503 1929 3533 3700 2720 3374 2001  517  346 1800 2108 2489  426 4206  453 3716 3034 2671 1817 2330 3763 1324 1702 3931 4286
 3502 2086 1278 3658 1992 3509  856 1201 3393 1368  367 2033 3889  100   69 1874 2167 1930  353 1381 2737  402 2087 2757 4195 3500 1159 3228 4021 1762 3666 1934  919  799 2026  751 1341  697 4041 1907 2922 2704 2224  586 2544 1402  361 3251 2022 3426 3508 2260 1986 3980  710 3956 1845  413 3453 2859 2534 2767 3316 2742 4198  877
 4157 2057 1214 3603 1383 1093  151 4070 3274 3833 2902  704 1901 2226  903  442 3347 3803 4054 3612   81 1380 1775  369  229  805 4152 2621 2914 2527 2487  912  624  611 3705  927 4123 3211 1937 1894 1847  468 2798 1165 3493 2731 3130 1684 3044   49 1727 2687 3845 4241 2801 3054 2780 1419  335 3570  691  636 1875 2611 1043 4044
  882 1016 1000 2118 3021 4155  246 4108  706 4309 1450 2625 4248  957 3649 3824 1695  319 1190  211  108  812 1364 1705  501  112 3917 3294 4291 2400 3238 3673 2866  139 2153 1662 2632  387 3324  666 2787 1902 3992 2018   77  680 2623 3096 4269 2286 1877 3953 1643 4075  602  121 3199 2764 2164   39 3295 3260 3445 1798 4304 2539
 2827 3860 2538  571 3125 3344 3451 1460 2404 1584  145 3382 1680 2732 1028 2631 3588 1556 2602 2681 1563  778 4110 3431 2918  567  590 1548  137 4146 1718 2423 3358 1487  843 3580 1253 1061 1837 4311 1442 1350 3156 1176  416 3982 1208 2406 3753  378 2310 1339 3165 3743 4050 1828 2232 2445 4133 1022  753 2532 3146 2678    8  282
  359 4283 1596 1585  515    9 4193 3596 1315  904 4216 3767 3290 2843   55  445  283 3157  556 3797 1696 3110 2425 1212 4088 3807 1619 4154 1129 4227 2702 4308 3771 2314 3937 3092 3063 2104  858 1203  975   73 3791 2875  709  167 1723 2134 3525 1474 3201  510 3773 3936 1371 3454 2269 1898  991  360 1608 1310  385  284 1789 3613
 3537 1428 3950 3481 2601 1554  313 1457 1499 2772 2455 2294  938 3115 3160 4203 1492  643 1725 2409 2499  325 4262 2126 3619 1843 2887 1001   47  383 1919 1410 1110 3013 1223 1075 1960 3808 2579 2210 1733 1210 3994  498 3080 3983  898 2989 3668 3932 3762 1286   44 1358  744 3993 3665  207 4292 2353  664 2280 1143 2109 4324 1247
 2256  259 1999  963 4275  266  547 2046 3331 4238 3365 1677 4245  601  918 2493 2812 4194 1637 4138 2470 2658 2058 4183 3071 2349 3604  554 3739 3854 4073 2886 2050  406  362 3675 1628  800 1449  915 1658 2817 1081 2070 1591 1141 4003 3101 4316 4272 2043 2693  962  149  235 2628   15   91 2497 4329  553  338 3598 1127 2503  926
 1513 3707 1271 1420 3883 3516 1004 4239 1603 2358 1543 4162  974 1448 1454 1968  128 2502  575 1602 2943 2758  183 2175 2017 2505  988 3536 1244 2967  458 1164 1191  824 2946 3954 3524  642 3221  170 2076 3774  762 3916 4313   88 4028 2160 3394 2803 3949 3210 2877  397 3177 4276 2124 1455  197  816 2471 2774 1411 3088 2858 1107
 3911 3900 3320 3245 2578  609 1659 3230 1363 2719 1058 3340 1158  123 1576 4314 2309  985  684 3961 1870 1575 4058 3026 3449 3356  732 2296 2326 2890 1636  366 1302  307 2148 2783 3194 2009  352 2521 1868 1973  457  742 3010 3957 4192  135 1675 1020 2814 3867 1084  172 2580 4052  690 3777 3033 2591 2162 4191  169  734 2925 1673
  273 1359  629 3744 3531 3286 3816 1616 3927 3805 2102  842  199 2647 3821 2963  849   36 1120  803 2722 3962  427 3687 1441 3243 4023 2572 3786 2399 3968  781  855 2245 2014 3225 3789 1854 1650 2387 1947 3441   34 3410 3178 2618 3345 1080 2093  285  756  569 1550 3566  765 2072 2598 2639 3840  344  132  986 3339 1068 2549 3179
 1362  873 3606 2491 3407 1611 4105 4237 2614 2004 3086  507  686 4100 1342 2983  449 2332 2648  737 3237 2728 2605 4011  615  233 1833 1014  389 2477 2566 3991 2088 2205  351 2919 1333 1886 1590 3923 3726  867 1198 3173 1005 2835 1475 3109    6 2751 1988 3465  613  103 2920  673 2718 1300 1105 3153 3081 4053 4263 2518  889 3620
 1409 1681  758 1115 1923  671 3922 1709 2066 3512 2158 2131 3734 3507   86  497  202 2078 2115 1909 3000 2655 1147 1753 1672 3885 1283 4098 1569  848 1866 3067 3934   72 1965 2473 1700 1432 2701  794 1453 4033 3976 2454 2870 3022 3963 2839   45  934 1964  317 4340 1187 3985 1113 4345 4288 1060 2599 4159 1768  252 1517 4095 2106
  916  776 1263 4031 2468 3907 1179  127  249 1184  488 3648  583 1523 1977 1209 3782 3825 1161 2685 4336 2981 1429 3631 1481 2061  190 3856  808 2112 2688 2974 1178 3427 2889 3302  633  868 2239 2840 2084 1404 1490 2263 2588 1030 3547 3930 1126 1396  354 1646 2282 2651  436 4002 1787 3605 1693 3955 2283 4099 1642 3450 3947 2187
 4302 2075   94 2958 3219 2051 2217 1320 3924  649   50  247 3307  263 3043  639 3722 3447  102 1077 2237 2329 3276  475 3282  888   41 2894  616 3284 4220 2982 1033 1018 3466  258 3618 1852 2288 2325 1728 1560 2264   28 4209 3676 3882 2370  958 1232 2956 3715 1470  995 3996 3987 4323 3978 2523 3035 4173  133 1427 3268  688  119
   74 2432  138 3646 3890 1445  971  883 1648 4092 3610 1783 4228 3381 4111 1568 3933 2769  809 1155 1372 2128 3348 3793 1565 1195 2576  274 1691 1048  793  837 1458  854  312  323 4083  390 3975  860 2620 3132 1181 2882 3659 3093 2460 2619 1206 3617 2749 1483 3440 3813 3861 1044 1880 3712 1261 2695  157 3414 3232 2056 2228  846
 3492 4161 3709 1284 3134 1425 2103 2451 3591  272 3366 4332  245  588  584 3794 3698 1295 3263 2606 3473 1056 1330  467 1052 1832  689 3964 3628  660  726 3116   70  752 3037 4059 3952 3446  678  494 1652 1177  658  181  911 1623 2095 2504 1985  632 3172 3384 3754 3589 1217 3997 1633 3028 4045 3847 1057  638  131 4307 2779 1911
 3059 2836 4322  446  443 2948 2992  996 1549 3020 4005 2005  774 2301 3645 1485 1755   90 4293 3689 3239  304 1270 1688 1356  278 3585 3538  403 4046 1478 1890 2000 1940 2934  253  195 2673 1414 1063 2862 3647  452 1914 4339 3283 2771  811 4280 1133 3457  440 1780 2608  477 1225 1503 1199 4261 2268 2107 2540 3634 2573 2125 3892
 1989 4142 2262 3030  694 3626 1240   57 2788 4064 2068  983 4185 2937 2516 1405 1903 2968   13 3213  228 2323 4234 1701  200 3029  992 1246 3812 3899 3630 3691  708 4097 2537  739 2763 2597 1816 1593 2472 4349  158 1174 3778 3094 3476  913 4144 4212    4 1612  698  186 2653  954 1196  203 3398  277  857 2871 3042 1332 1031 3779
 3974  255 2913 3944  925  420  193 1860 3052 2661 2304 1266 2462 3024 2483 2577   51 1604 4273 3909 4039  150 1708  941 1699 2792  663   18  185 2322 3106 2565 2297 2377 3435 4211 2910   52  350  618 3759 2275 2276  674 3266 1784 2800 2768 1904 4270 2973 1365 1336 2844 1152 3166 4168 3701 2139  299 2603 2277 1697 1682 1983 4032
  630  699 1598 1403 4343 1091 3869 3257 1685 1313 3609  386 2457 3802 2138 2649 3359 1323 2271 2397  394 1764 2776 3866  851 2867 2657 1577 1289 1995 2025 2221 2270 2942 1233 4184 2790 1754  209 3571  648 3871 1694 3636  116 2804 3097 1317 1108 2929 1991 3362  372 2287 1092 1216 2316  142 3049 3247 2261 2122 3969  822 4338 2461
 4346 2191 2567 1421 1017 4284 1072 1811  804 3849 3309 3241 3942 1131 2515 2727 4077 1861  173 2154 2350 3873 3389  818 2308 1262 2978 2726 3046 1871 2204  970  381 1669 4341 3929  262  833 2135 3943  859  204 1747  238 3664 1272  939 1193 1767 3928  696 1104 1137 2312 1463 2668 1864 3392 3296 2319 2459 2157 4094 3775 1328  126
 1945 1407  513  559 1823 3652 3040 4089 1023 1745 2931  340 3540 3262 2150 2488 3817 1279 3714 4254 3644 1258 2612 2405 3901 2220 1401  210 3314  109 1892  504 1139 4281  267  829   79 4249  576  505 3140 3208  557  176 4150 4165 1839    7 3967  886 2007  355  451 3945 4091  600 4115 4078  529 4325 3114 2052 3272 3439 1933  414
 3740  296   29 3278 3409   61 1651 1617 2513 2375 1443 3412 4244 2074 1243  899 3679  612  865  115 3590 3798 3946 3023 3159 3363  550  931 1572 2486 2361 4071 4319 3377  872 1413 2247 3143 3189 2554 2121 4258  226 3270 2762 3459  502 1042 1724 3809   43  845 3518 3703   31 1082 1242 3594 2430 1551 2424 1248 3811 1306 1227 1034
 2690 3076 2337 2035  218 1740  608 1146 1361 1379  482 1398 2707 3530 2324  160 3047  641 2307 4148  712 2045 2994 1089 3544 3371  425 1276 3185 2713 3681 1790  448 4328  861 3795 3766 2691 2993 2010 3373 2289 2638  972 1347  768 3756 2393 1678 2932 2581 3333 3487  419  490 4037 3693 1431  391 2885 3399 3758 1374 2030  976 2300
  617  757 3826   93 2822 2613  603 2067 1230 3190 2793 2089 2558 1792 2519 1331  589 1891 2049  243 1647 2622 1912 3346 2848 1519   97 1287 2371 1274 3470 2342 1355 4066  924  495 3312 2616  208 4127 2952  302 2830 4140 3355 1109 3158 1090 3483 2302 2357 3542 3719 3005 4266 2533  527 3379  225 2697 1204 2155 2857 2479 3827 2778
  408  893 3117  300  998 4181 2969 1040 1477 1326  909 3692 3551 2971  920  880   92 2152 3083 3989 2369 1106 3781 2600  540 2892 1502 3151 1162 2594 1580 3999 2079 1125 3425 3050 2439 1949 2556 3905 1765 1171 2936 3089 2637 3671 1059 3608  796 1515 1579 1613 3848 2746 2736  997  840  487 2837 1664 2947 4012 3380  874  790 3432