  637  309 2104 3327 2342 1518 4451 4408  319  676 3788 2901  442  650 1030 2527 4090 1694 3126 3652 1381 4239 3062 1773 1344 2685 2746 2767  432 3475  362 1822  982 3256 1706 1834  345 3494 1098 3514 3136 2096   13 4427 2135 1748 3617 3491 4460 1903 3321 2569 2097 2858 1410 1273 4274 1549  932  392 1942  307 3493 3142  302 3628 3592
 1238  271 1849  593 3085 4009 1408 3790 2560 1644 2755 2468 3580 4327  169 3089 2076  603 2162 4174 2149 1991  882  478 3973 2975 1262 3337 2390 2884 3579 4162 2086 1182  785 2876 2071  272 4367  922 3044 3391 4168 1354  110 4406 3367 2458 2815  416  344 2339 1879 1048 1140 2118 1584 3047 3863  452 2737 3429 2642  989 2725 3509  568
 1872 2940 2898 3588 3905 3683 3060 3066  301 2655   21 4365 2548 4198 2229 3642 1052  382 1390  443 4075 1266 2466 3940  519 4480 3911   51 3515 4311  645 2424   96 2289 3091  159 1006  977 1662 2034 4007  852 2410 1779 1894  454 4466 4301 1424 1318 3806 3926 4430  569 1651 2694 3554 1164 1171  393 1908  305 2931 4202 1585  716 1350
 2656 1080 2310 1320  260  243 1016 2671 4236 2650 4099 1841  476 1780  848 1535 1338  231 2928 4058 3875 1144 4263 1987  368 4039 3520  453  465 1242 4193 4204 2053 3019 1072 2511 4118 2910 4337  296 1551 4463 3105   32  457  812 2603 2369 1842   69 2752 3144 3626 3950 3521 1356 4108 3313  438 1152 2832 3087 3257 3433  961 3108 1429
 1558 3527  752  916 1146 2808 2583 2618 4282  340 3064  554 3306 1782  598 3945 2014 3432   15  691 3129 1557 1756 2174 2396  407 2279 4372 3655  866  829 3150 4442 2765 3852  431 4060   81 1603 1313 2124 3209 3127 2409 2790 3396 4215 2778 3661  220 3166 2943 2045 3787 1346  943 1533  834 3131 2377  123 2873 2795  994 3423 3263 1862
   93  831 1754 4297 4043 2388 1038 1859 3366  400  708 3866 2260 4010 1073 1056 3953 3679  261 3481 1076 2137  304  749 3637  188 1915 3770 3223  333 3987  633 2601 3512 1492 3124 2025 3235 2677 4068 3155  822 2237 4279  806 1626 2304  115 3545 2822   88 3870 2668  710 2418 4261 1876 1369 3098  411 3228 1336 1631 1978 3595 3891 3174
 3070  195 2897 1018 3776 4412  538 1953 2833 2372 1598 2662 3112 3923  401 2281 4291 3077  148 1871 4294 2887 1887 1397 3392  430 3204  846 4313 1024 2077  638 1975  747  410 1361 2408 1475 2899 1306  427 3718 2788 3099 3938 1133 3180 2525 1161 2182  214 3780 4199 2912 2056 2587 1465 3088 4354 2121 1128  545 3593 2404 2042 2774 1604
 1241  926  876 2352 1574 2160 2503 4446   34 1742 1151 1002 3506 2917 3996 4414 3499 3016  193 1521 2574  189 1461 3517 3731  502 4394   71 3916  600 3551 1652 3602 4436 2954 2402  685  135 3805 4026  389 2455 4185  335 2173 4177 1102 1949 1907  592 3986 3403   75 1112 3749  222 3638 2981 3918 2707 2691 2598 2941 3384  388  263 1823
 2882 1563 2555  321 3590 3970 3709  865  553 3949 4444 2017 2566 1793 1809 3040 3431 1500 3982  745 1703 1070  591  176 4349 4388 4293 1379 1993 3360  647 2422   56 2721 2545 1288 3004 1986 3472 4325 1145 1738 3270 1252 1707  468 2107 1401 3793 2641  300  386 1995 1162 2066 1100 1141 2436 2435 3486 3898 4113 2735 1763 1375 1837 3613
 2992 1329 1881 3703 3265 1315  620  352  956  719  845 2167 2803 4260 4006 2937 3807 4161 3114 2633 1950 3206 3895 3963 2980 4361 2536 1285 3646  187 3675 1844 2909 3707 1083  207 3303  129 2232 1174 1546 3777 1322 2400  375  526 1674 1121  297 4053 1111  910 2608 2535 2745 1821 1794 1634 1340 3074 2978  277 4439 3563 2116 1406 2836
 2326 3162 1489  539 4329 3443 1316 3641 1810 3440 3851 3962 4137 3951 2907 2798 1445  380 4059 1999   35  842 2278 3434 2457 1463 2452 4485 3017 4478 3860 1416 3418 1327  702  742  873  251  814 1811 2761 2834  164   76  409 2451 2532  161  669 1967 1497 4424 3037 2311 1791 4433 2606 2826 2091 4249 1028  471  328  153 2207 4186 3614
 2000 4210 3664 3748   37 2238 1504 1966 3688 2244  954  602 2445 4208 2794 2958 2064 1007 2515   39 3958 1342 2130 3827 4086  559  147 4284 3892 2218 3295 2575 1040 3485 1656 3381  681 1093 1553 3687 3817 1153 1688 1021  777  914 1621 3890 3330 1450 1715 1965   31 4117  179 3910 3808 3922 2442  580  462 1932 1155 4315 3021 1029 2397
 2734  311 1582 2254 3980 3881 1387 2990 3267 2454 1013 3468 3271 2346 1718 1283 1874 3483 3104 1684  990 2549 1529 3557 3756 3573   57 2753 2469   72 1981  315  514  656 1927 2497 2736  113 3300 3522 4191 3773 1921  166 2054 1885 3673 3301  741 1690 2432 3728 2942 1901 4224 1948 3930  186  224 3516 4398 2631 1409 4093   60 1554  894
 4232 1687 2915 2630  172 2003 2125  128 2988  815 3025 1947 1126 1925 3789 3388 1628 2101 4288  775 3529 1663  838 3344 3542 2154  413 3570 3326  120 1714 4459  772 1454 1775 3537 4267 3914 1587 3903  795 2976  119 1403 4450  522 3358 3750 1709  860 2228 1478 2020 1020 2520 1740 3340 3594   99 1049 1351 2315 2590 4151 2166 3714 1530
 1680 2675 3693 1193  999 2265 3558  801  358  724 2385 4376 1284 1249 2824  936 4322 1136 3850 1440  310 3393 1873  259 1169 3540 2398 3925 3141 3528 2152 1008 1798 1317  652 3947 1883 2609 1940  686 3033 1081 2841 3082 4005 2061 1267 3346 1496 1371 3448  764  492 4482 4468 1960 3831 3931  855 4070   53 4102 2489  817 4074  707 3013
  675 1939 2477 1856 2037 2012 4347 3846 1945 2792  699 1836 1127 2128 3723  357 2869 3333 3008 1676 4022 3899 2267 1857 1472 1055  520 2851  527 3717 4040 1310 4179  575  662  208  531 2252  132  958 4057  273 4283 3482 1576 2401 1517 4094 2470 1789  104 2955 2728  757 3050 4013  964 4128 4370 1528  853 4484 1890 4479 2717 3072  665
 2840 3219  290  355 3721 1297  862 1645 3224 2298  942 3430 1854 1724 1115 1107  781 2597 3561 1813   70 1593  288 3607 1221  643 2269 2275 1117 2624 2935  323  671 1368 2709  564 3498 3741 3888 3879   28 4458 4259 4150 2256 3647 3240 2861 3145  363 3054 3331  425  449 3444 2190  919 4328 3015 2866 4422 4020  445 3884 1749 2844 2665
  534 4206 3147 1982   44 4160 3710 1402 4190 1270 3669 2726  446  743 2747 4091 3128  915 1541 3317 3151 3269 1675  905 1726 3000 2183 3192 2200 1358  450  529 4222 1206 4233 3751 3862 2143 2493   47 4399  244 3543  550  508 1646 1588 1538 2089 4237  226 3659 1548 3928  629 4464 1097 2908 3943 2255  604  421 4345  237  839 4144 1263
 2687 4476 1673   20  201 1370   65 2508 3997 1639  767 1250 4317  156 1682 3871   79 1877 3759 1847 3969 1033 2556  601 4346 3843 1064 1218 3833 1968 4426 3116  150 3479 4048 2276 2614 4047 4163  434 1869 4474 3965 2221 4268 1471 1134  439 1607 3685   52  528 2810 2626 2859 4056 1123 1383 1888  889 1175 2060 2206 3772 2115 1239 3076
 1348   17 3668 3259 1629  827 3636  418 2878 1746 3501 1864 4348 2379 3146 2594 2900 4254 3175 1432 3195 1314 1792  883 2095 2439 2784 1951  857 3251  544 4126 3362 2227 1474 2444 2892  415 2850   50 4061 3001 1909 1781 3877 2157 4119 2582 2530 3067  374 2956  993  174  213 2456 2136 4216  435 1636 2141 3631 2417 3541 3078  810  160
 3246 1820 2524 3737 1411  849  378 3811 4280   90 2979 2296 4339  778 4027 2414 2355 2518  920 1110 3214 4277  414  782 1996 4421  505  248  714  962 1418  285 2973 3845 3420 1774 2488 1892 2100 2829 3867   58 3582 3053 4024  635  950 1853 3334 3100  930 3377 3730   23 2607 4042 1483 1173 2407 3853 3212  596  895 2537 4146 2780 1729
 4157 1103 3591  608 4141  744 4234  869  181 3336  480 3159 2214 2348 4095  177 3191 2386 2473 4308 1036 1971 3068 1360 1501 3960 2865 4385 2986 4066 2009 4276 1997  750 1990  874 4336 4077 2329  131 3735  168   83 1166  292 3983 2363 2030 4243 3533 3927 2934 1979 3766 2148 1014 1843  931 1101 1572   48 2209 2378  630  606 1784 2187
 3368 4389 3902 2843  631 1253 3380 2927 2831 1062 2963 2749 1865  840 3820    5 4368  463 1739 2881  935 3782 2222 2235 2494  552 3450 1190 1172  998  890  250 2558 2491 3937 2007 3118 2081 2039 1035  972 2114 4062 2459 2727  246 3041 3917 4019 1571  215 2505 2946   68 2362 1109 3686  103 3552 3959 3720 1041 1503 2930 3946 2155 1772
  877 2420 3096  308 2552 1710 1717 4455  397 3577 3796 2890 1176 1832 4100   94 3694 2872 4269 1031 4309 1638 3988 2561  738 2132 1071 1003 1470 2643   59 3364 3069  704 4285 4217 1280 2073  537  570 1544 3394 1860 3283  758  789 2247 3589  199 2461 1184  116 2528 1197 4383 4457 4181 4290    6 2063 2568 3608   77 2550 4200 1051 3258
 3332 1664  270 2049 3565 3164 2027 1487  788  825 3052 1374 1815 1296 3887  975 4378 1670 3411 1713   26 3464  967 1286  828 1668 3408 1977 4227 3217 2903   16 1299 2485 4258  383 2702 3170  121 2612 3445 1597 3281 3325 1443 1319 1415 3289 3231 3115 4226 1413 4120 1205   54 1493 2729 2925 1624 3386 3984  737 3508  419 2403 2856 4114
 1540 1392 3435 2133  391 2715 2658 1042 1750 1526 4225  978  475  202 3315 1404 1608   18 2789  859 2427 1933 1578 3345 3083 4475 1601 2038 1004  512 1132 3952  832 4018 3800  623 3011 4462  406  796 4111 2079  774 4109 3920  705 4194 4034 1776 4461 2082 1796 3692 2584 2893  971 3957 1395 1088 3627  733 2144 3278 2251 1767 3220 3291
 2495 2531  162 2951 2776 3133 1719 2165 3255 1566 2617  658 2706  585 1937 4127  513  813 3774 1135 3455 4275 3372 3045 1090 1382 3921 2718 2700 1806 1660  485 3318 1686 1477 3583 1525 4281 1113 3544 1976  711  944 2050 2195 2993 3369 1924 2405  794 2119 2864 3525 2078 4429 3311 3167  154 2596 2557 1196 1752 2595   82 1765 3967  843
 1609 1974  341 4423 4123  523 1377 1425   38  973 2371 1515 1889  303 2577 2678 1736 3371 1955 1816   84 3767  460 4417 2895  597  490 2680 3320 3581 3140 3586 2628 2052 2156 3578 4330 3711 2138 2338 2440 3406  818 4299 3446 3293 1219 3864 1422 1805 3977 1181 2825 4121 3179  976  948 1231  377  149   66 2205  792 3253 4178 2661 3319
 2977  776 4049 3361 1341 2913 3564  500 3404 3900  769 1508 1469  240 2365  722 3172 3453 2438 3426 3778  385 2704 2653  578 3740 2693 3135 3760 2178 1216 2033  466 4483 3883 4110 3186  163 3763  459 2960  871 3828 3236 2374 1787  706  152 2246 2509 1848  584  441 1695  317 2044 1037 1488  566 2175 4183 2983 3656 3559 2733 3670 1054
 3585 2592 1911 3093 3007 1681  440 2198 3837 2553  715 4386 2370 4105 1269 4112 1783   73 1147  133 1641  372  721 3733 1905 3700  558 3704 2258 3985 2145 1520  673  366 1761 2580 1988 3964 1918 3634 4342 1302 1655 3349 1575 2391 1423 3042 1233 3611 2812 1734 4312  654 1552 1328 3356 3165 3208 2381 3855 3031  646  607  342 4319 1074
 3287 1094  872 1129 1491 3338  641 3640 2730 1778 2336 4142 2681  219 1290 2139 1086 3556 1120 2467  634 1737  636 2425 3839  712 1433 2823 2217 1292 2059  649 4089 3428 1240 1099 2150 4489 3176 2657   11 2652 2771  252 3724 1339 4173 3799 3460  204 4067 4030 1276 3038 2615 3618 3182 1677 3239 3942  878 4402 1755 2474 2001  283 1733
  974 3909 1758  841 3242  561 1228 1957  929 3601 1138 3915 4381    8 2330 4115 1499 3010 3470 3193 4167 4320 4256 1366 3885  949 4195 4369  464  517 3929 2479  122  821  525 2384 1510 3814 2782 2270 1271 1928 3351  494  178 1447 1213 4129  727 3014 3507 3328  546  118 3094  820 2888  921 3399 2669 4371 1156 3233  632 2261 2047 2490
  234  351 4107 2446 2023 2340 1453 2547  731 3689 3097 2024 1625 1386 2106 2997 3354 3936   55  359  360 2987 2019  684 2026 2995 3874 2667  762 2593  312 4016 4341 3249  939 4321 1417 1998 2965  729  753 3939 3639 4373 4334 3519 1143 4384  626 3569  157  674 2645 1916  836 3400 3314 1922  891 3277   89 3003 3250 3781 2022  660 2185
 1187 3168 3286 3502 1902  361 4038  574 4203 2463 2564 1405 3994 3048  621 1012  586 4037 1838 3568  540 2313 1723 2581 1260 1026 3276 2697 3243 3932 1799 2647  893 3619 3379 2266 1509 2663 2389 3896 3758 4443  426 4164   78 3786 3889  330 2534 3574 4041  398 3907 1757 4197  595  518 3684 1232    7 1895  991 2335  183  625 1092  968
   45 2674  350 2670  655 2231 2287 3355  291 1728 3024 3739 3745 2126 3524  408 2920 1154 2325 4400 3974  491 1594 4149 2211 3447 4189  194  885  503 4231 2959 2877 2393  995 3184 1225 3387 1464 1177 3511 4153 3961 4305 3489 2526 1192  211 1394 2411 4246 3635 1084 1075  324 2127 3073 2999 1039 2742  111 1735  473 3532 1565 1539 2783
  627 2953 4391 3211  557 2109  229 2434 1659 4397 2170 4248  455 1825 3956 1244 2896 1906 1234  298 3858 1671 2084 4416 1506  899  102 2002 2911 3137 1814 3912 4184 3322  611 3183  854 1462 2070 1347 3812 3981  106 1426  793 2886 4132 2921 1142 2572 1560  212 1264 3755 2356 2806 2316 1627 3815 1833 2929 1615 3894 2092 3427 1770 1229
 1473 2476 4228  718 1851 3153 3701 2738 2712 1300 3101 2629  746 2750 1357 4326 3649 4103 3999 2602  535 2323 1275 2496 4266 1444 2465 1179 3035  264 3202 3488 1362 1139 2196  327  651 3869 1352 3842 3057 1959  906 1359 4033  941 2464  346   36 2169 2546  609 2292 4052 3213  295 1650 2360  771 4251 3262 4139 1430 3244  903 1449 2357
 2021  693 3061 2944 1831 3736 1654 2280 3125 1725  532  864 1486 4287 2711 3207  811  354 2367  225 1059 1441 1764 2889 3055  875 2638 2122 4441 3247 1355 1700 2781  108 4172 1741 2513  339 1514  928  980 1751 4240 3868  282 3110 1170 1983 4356 2838 4264 2286 1731 3606 3706 1912  659 3809 4084 3441 1562 3672 1648 3576 2684  356 2245
 2443 2659 4011 2074 3282 3791 3469 2413 3743 3177 3452 1256 1698 2058  403 1291 4085 3341 3197  127  196 1289 1330   24 2576 2754 1797 1321 1194 1063  547  175 3173   64 2234 3562  332 1961  313 2540 2331 3744 3658 1254 2202 2962 3840  447 1069 3727 3058 3690  966 3190 1882 3865 1596  800 4318 1573 1373 2344  239 2891 4395 4300 4286
 3095 1025 1863 3402 4413 4138 3913 4296 4471 1484 1468 2779  543 1158  911 1807 2578 1705 1929 4101  165 1053 3009  331  144 2828 2827 3648  640 3880 1019  483 1790 1744 1586 1224 1207 1696  541 3797 4002 2277 3616 3847 1992 2203  644 2923 4362 2120 1106 1125 2757  489  379 2846 2967 3598 1855 2852 2863 1519 4405 1839 2770 1667 2701
 4270 1769  851 2186 3548 2972 4262 2299  957 4182  367  624 2032 3092 2793  286 1643 1022 1257 3373 2041 3030 1693   14 3612 3216   46 1188 3792 1824 3122 1378  766 1622 3713 3849 1167  900 1248 3043 3893 4292  938 1543 3944 4252 2212  206 1958 3203  191 1400 3422  997 3187  618 2223 3238 3848 1964  985 1082 4021 3023 4437  809 3480
 1448 1186 3992 1332  530 2672  266 4205 3026 1168  469 2011  190 2854 3456 3424 2860 1398 3886 1367 2763 3622 1523 3407 1753 1282 3662 4344 3818 2102 2571  249 3819 2635 2620 4440 4350 2263 1657 3467  279 1044  280 3991 3436  241 1498 2777 2636 2950 3477 2579 1830  387 4187 1005 2051  560  587 2562  805 4247 3653 2741  238 1308  979
 3414 1428 1304  896 3490   33 3343 4456  209  180 1323 3587 4188  504 1485 3296 1602 2554 4477 2233 1537 2272 3194 3794 2028 3605 2743 1635 3284   61 3948 3757 1917 4135 2161 1388 3029 2984  951 2916 1476 2544 3375  628 1200  923 2204 1683 4065 3547 1017 3518  253 3413  803 2857 1372  138 1389 1919 4366 3754  265 1442 3221  728 2974
 4304 1245  498 2358 1208 1867  986 2083  786 4401  824  326 2334 2498 2159 2416 3810  170 3365 2226 2308 3138 1665 3059 1295  289  763 2253 2842 2705 3312 4145 2699 3826 3746   95  423 3419 2800 1527 1581 1599  823  218 3872 2151  892 3022  816 2430  563 2516  448  404 2563 4289 3260 3553 2514 1926 4214 3034 3245 2359 4393 4023 3534
 1711 2835 3725 4377 1691 2813 2462 1712 4012 2627 1589  516   97 3998 4364 2616 1914 2453 4434 1058 3264 2353 2177 2551  713 1745 3357 1701 1669   62 3302 2542 2046  582 2512 2809 1085 2994 1768 1384 1716 1913  506 4314 3523  306 1078 1685 2648 2219  917 4196 2140 1010 2722 4028 1118 2996  780 1243 2243 2710 3531 1678 1666 4404 1505
 1580  879  768 3824 2240 3232 2605 2099 3633  576 2654 1185 3620 2621 2437 2802  499 1198  101 3621 4245   80  337 2936  329 4004 2769 4064 4125 4078 2698 2676 1217 2482  322 3841 1704 1259 2481 4221 1324 1298  730 3716 3376 4472  579 1730 2015 3615 2303 1420 1437 2814 1511 2172  501 2664 1396 2105  117 3976 3049  429 3437 3882 2305
 2523 2918 1364  748 3908  210 4159 2849  802 4156 2613 3225 1994 1279 2926 2807 4087 1653 2085  933  850 2945 4488 2376 1376  953 2010 3504 3834 2879 1000 1931 3604 1595  970 3370 1721 3348 4171 3674   43 3702 1067 1524   98  395 1818  338  619  588 2029 2538 3471 2487 2716 4332 1349 2804 1458 2197 3324 1512 1272 4081  364 3222 3229
   29 1803 1559 4302 3695 4169 1785 4148 3139  203 2131  622 3663 2714 3825  614 3876 2811 1633  804 2112 3708 3027 3323 2517 4096  808 1630 2610 3901 2507 1047 3160 4380 4306  613  907  223  145 3671 1236  479 2067 2713  567 2314  477 1459 1542 1532 4382 1326 2375 3546 3051  420 2982 2939 3681  666 2065 1692 3753 1613 1795 1199 2328
 1281 4076 3119 1287 4271 2199  556 1159 1335 3382 3549  142 2242 3417 3816 1923  696  233 3185 3510 1868  940 3803 1555  314 2492  678 2902   63  945  192 2830 1935 1261 1699 1060 2604 2885 3935 4324 2048  983 1828 4088 2366 3152  672 3712 1160 3696 1419 1209 3268 4435 2805 2213 3438 2740 3307 1920 4469  472  664 3079 1786 1460 4363
 2775 3861 2005 2567 4170 3106  881  562 2333 1268  521 4355  262 2758 2146 2262  605 1015 1431 3389 2855 2327 3734 1303 3304 3461 1727 2623 2634 4307 1590 3567 3630 1439 1569 2345 3678 2573 3134  677 2239 2845 4080 3102 3397 2302 1878  158 3555  807 2341  242  759 3071  511 1034 4079  668 4192  679 4358  734 4481   91  969 2522  572
 1934 3178 1163 1502 1969  551 2766 3798 2194 3665 1550 3535 2932 4438    1  348  105 2666  701 3065 2875 3261 1087 2181 4265 3005 3924 2499 1096 2948 1904 1804 2395 1861 3779 1762 2094 3385 2180  726 1137 2300 1930  456 1412 2764 3584 2383 1891 3215 4387  819 2964 1672  396 1617 1759 3421 3046 3972 1435 3762 2820  141 3821 1089 1130
 3747 1246 2171 3654 2839 2502 2871 3080 2283  371 3802 1812 3596  858 1985  590 1407 2720 1720  787 2660 2619 1204 1446 4351 2947 2320  318 3200 3149  197 3457 2486 1900 1771  657 2837  487 2703 1480 4213 1237   41  594 2690 3028 2291 2117  143  294 3610 2818 2933 1293 2098 4409 3752 3933 3308  267 3919 4046  325 1679 2134 3012 4001
 3934 3476 2319 2905 2224    2 1363  695   10 4411 2123 1846 3032 3117  548 3955 2380 4230 1941 1536 4407 3086 3966 3597 3020  488 1226 3500  258 2533  496 2184  230 3449  861 1385 4403 2501 4447    9 3163  247 2625 1567 1827 3459  573 2043 4029 3039 1495  826 3643 3560 2318 2153  137  510 3230 3897 3968   27 1045 2350  863 2399 3329
 4255 4036 1760 1325 2599 3280  870 1201 1108  114 4097   86 4152  437 1970 4015  316 4410  555 4453 1802 1116 4353 2985 1973 1220 1065 2821 1211  268 2322 1353 1114 1294 2324 3288 1466 3784 2744 2035 2683  495  349 4303   19 1640 4242 4238  287 2484 4223 4253 4250 3169 1331 4331 3857 2306 1333 3113 2163  984 1427  888 3425 1009 2036
 3226 4467 2971 2441 1591 1046 2158  167 4207 2433 3715  205 1545 2248 1309  100 4104 3347 4050 1457 2349  612 1661 2142 1305  996 3298 2816  347 3526 1451  299  709  616 3002 1898  909 2637 2225 3353 4360 3941 3835 2968 2312 4025 1989  227 3451 3352 2208 2600 2274 3623 2475  725 1564  912 2870 4017 2478 2529  376 2559 2392 3285  130
  924 1345 4449  790  868  405 2989 2018 4147 4273 3738 2922  904 1632 2460 2351 2797 2080 3198 2914 1623  370 2708 2419  274 2510  946  934  717 1732  703 1801 2321 1434 3978 3775 2147 2288 3676 2337  221 2189 3993  257 2087 2541  667 3729 4340  577 3478  394 4133 4452 2103 3761  524 4316 1079 3677 2364  897 2768 1277 3111 2679 2904
 3299 3497 2739  182 3454  784 2732  173 1743 3979 3697 1191 3132 3904  963 3189 2862  412  615 3120 2759  761 4106 1747 1570 4130 2176  833 3398 2088 3143 3474 1057 1482  599 3503  901 3266 3505 3395  690   67  353  184 2791  692  754 1826 2906 4083 3241  126 2471 2448 3148 1467 2847  417 4082 4003 1043 1852 2347 4155 1956 2695 4211
 4140 4176 1032 1556 2111  146 1980 3906 1131  700 3350 2874 1255 2748 1835 1105  773 3801 3273 3873  797 3699 3107 1337  428 2008 2639 3335 2819  927 3667 3465 1311 3722 3657  571 3832 1606  399 3292 3081  755 1334  589 4051 3539 3566 3496 4235 1150 1393 4465 1312 2543  228 2016 1068  281 2290  583 4343 1952 2268 1494 1061 4031  908
 3726 3290  680 2787 2294  565 3765 1858  433 3785 1600  493  507 2773  835 1365  581 2585  533 2686 2271 2991 1274 3227 1195  124 3495  109 4219 3856 3995 3732 4244 1817  481 3698 2586  639 3237 1850 1050 3854 2673   42 2361 4166 3838  987 1214 1165 1215 2622 2772 4432 3954 1119  486 3822 1278 2179 3484 2651  424 3409 2938 2969 3130
 1649 4116 3603 2751 3316 3830 2756 3274 4425 4124 1870 1095 3975 1391 1899 3218  648 2110 1647 4218  683 3660 1910    4  235  125 1265 2868  155  960 3625  751 4008 3084 1616 1258 3645 4073  697 3680 1766  134  886 2264 4454 3339 2504  688 3536 2570 2230  898 1227 1210  536 2799 4209 2257 1148 2285  515 1896 1077 3196 3158 2057 3359
  925 1455 1180 3878 2068 3161 4428 4134 2423 1819  275 2796 3600  837 1452 3234  779 4418 2284 2649 3018  965 3971  988 3644 4333 2412   49 3075 2731  735 1722 3466 1610 4131 4241 4136 4295 2069 1884  610 2382 2998 2565 4158 2192 3439 1203 3764 1637 3036 2090  542 2072 4257 1886  198  484  171  549 2309  384 1507 1436 2062  756  458
  981 1414 4390  334  284 2449   92   85 4180 3742 2108 2696 3090 2644 2093 3530 2013 3795   30 2961 2343 1938 4014 3462 3363 4032 4165 1612  884 3248 4229 3719 1235 1642  497  760 3705 2168 2970  381  293 1577 2883 2426 2519 2113 3609 1479 2249 2762 1343 4055  913 2164  937  617  336 1583 4000 1122 3279 4272 1962 2387  254 3109 2894
 2632  369  687 3378 1149 4278 2241 1840 1230 3188  663  947 2966 4310 3473 3401 2588 1943  217 4335 4212 1875 4420 1618 3199  765 4486  739  236 2236 2719 1658 1301 2760  255 3309 2250 1568 3783 2273 1202 2394 4298 2785    3 3571 1788 1619 4122  720 3254 1380 4143 4072  887 1702 3294  955  798 2429 1689 2216 4431   12 1066 2689 1399
  682 2006 2500 1579  373 2373 2055 4357  474  732 4419 3416 1800 2640 2724  482  200  723  653 3829 3056 3458 4338 1708 1880 2867 4035  880 2259 4201 3157 2215 2786 4098 4448 1438 1091  320  185 3412 3383 3103 1522 2924 1516 3691  151 3201  107 4473 3310 2317 2129 1829 3123 4044  799 3771 3823  140 1023 3769 1963   87 3205  918  245
 3844 2692  642 3492 3650 2075 2297  402 3575 3156 3006 4374  276 1592  856  365 2295 3405  112 1808  770 3442 1531 2031 2521 1223 1178 1011 2188  139 2307 4352 4379 3252 2191 3666 3154  992 2293 3390 2880 3651  232 2539 2919 3513 3374 4063  791 1421   40 3297 2589 1513 2682  269  444 3415 3063 1972 2817 1189 2723 3599  509 1183 3804
 3768 3487 2801 2201 1481 2301 4220  902 1946 2472 1866 3210 1561 2853 1944 2447  390 4359 2591 2957 2688 2004 2450 1845 1124  736  670 4445  136 3181 2332 2354 3275 3990 4323 2415  783  694 3859 2282  278 3624 2428 2406 1001  698 1777 1104 2220 2611 2848 3342  256  959 3538 1936 1027  689 4054 3121 1897 4487 3272  661 3572  436  830
 1547 3629  461 4069   74 2949 1984  467 1534 3989 2368 2506  844 4415 1456 3171 3682 1307 3813 2210 2431 4071 1697 4154 4392 2483  847  867  216 3836 3410 3550 2952  952 1212 2421 1614 2040 1251 2646 1157  451 3463  740 4092 4175 1490 1605 1611  422 4375 1620 1247 4045  343   22 4470 1954 2480 4396 1893  470   25 2193 3305 1222 3632