 1529 2474 4131  227  485 2273 2017  109 1593 2290 3318 1683 4662 3712  175 1555 1365 3825 1744 3564 3019 3581   72  886 4385   34 3545 4218 3558 3109 2005 4416 4133  607   97  475  206 2383 1189 4580  949 4239 3689 3415 3969 2228 2364 3961 3158 1044 4273 4723  219 1073 3416 2398 1179  120  167 3901 1559 4297 2328 3671 3085 2531 1626 3024 2454
 4741 4553 3159 3301 3269 1412 1977 1304 1169  357 3380 3011 3400 2599 1196 3651 2649 4511 1525 1164 3487 3465 2335 1039 2229 3391 4547 3398  847  326 3675 3000 3516 4284 3807  765  397 3396  132  443 1990 2346  970 4072 3547 4169 1437  939  693   62 2844 3781 3938 1993  952 1081 3234 4021 1432  732 1214 2775 3796 1782  930 4183 2138  963 1468
 1282 3337 4519 2201  896 2629 2497 1413 1891 3538  496 3922  586  197 1783 1850 4689 1806 4708 4194   91 3026 3778 4700 3783 1287 3584 1266 3239 3166 3752 4303 2311  617 1069 4618 4120 1475  161 4157 2430  973 3100 4652 1558 2603 3641 1709 1739 2767  203  690 3084  183 1083 2884 2239 2481 1553 3434 2958 1323 3464  550 1646 1074 3937 1965 1429
 3375  400 3195   47 1275 2638 1212 3349 1608 3245 1818 2548 4004 3684 2755  651 1084 1354 1719 2410 3548  697 1994  889 4130 2824  117 4619 4096  992 2003   35 2256 2897  456  641 2555 2324 3105  257 3726  669 2028 1114 2640 4707 3930 1789  165  972 4227 3184 4230 3730 3030 4745 3209 2353 3120 1841 4533  718 2652 4755 3071 4699 1780 3161  705
 2866 2870 4577 2876 4670 1338  667 3061 4660 2786 1501 3514 3325 2945 4372  303 4715 2293 1632   22 1603 3200  779 3385 1360  404 1452  996 3698 1180 4583 2164 4289 2736  529 4561 1837 3951 1790  185  492 3532 4087 3015  846 1991 1623 3666 3986 1399 3682 1313 2676 2202  223 1299 2304 4757 1912  534 4461 1098 2526 1937 1308 2495  987 3494  769
 3832  523 2865 1453 2462 2930 4364 2317  749 1922 3222 1619 4225 3480  658 3205 2187 2530 3793  508 2093 3634 3329 2694  310 4160 3407  472 2342 2236 1219  800 3818 3006 4166 4116 1490 2971 1331  645 1188  679 1896 4272 2368 1283 3137 1686 3493 3429 4070 2490 4669 2829 1217 2367 4687 1091 4251 4309    2  208 2535  928 1400  684 1191  593 4254
 2926   61 3978  484 4279 4405 1264 4548 1884 4288  463 4136 4142  420 1561  500  339 1570 1500 2439 1874  427 3295 4380 4064 3037  686  818 3138  665 2759 3700 2139 1205 4387 1170  336 3529 2910  410 4655 2998 3599 4458 2407  724 3235 3112 2630 2122 2320 2153 1611 2658  888  600  169 2832 3053 4258 1110 2863 4610 4196 2049 1071 3623  334 3835
 2068  295 4608 3032 1408  200 4114 1265 1788  144  179 3869 1357 3989 2340 2234  374 1796  958 3417 1353 3482 3863  899 2148 2809  546 3060 2414 3791 2155  842 2798 1135 3147 4495 4017  297 2472 3146 4635 4127 2022  770 4456 4563 1982  850 2124 1454 4637 3117 1316  898 2912 3934 1386 2245 4238  776 2986 4750 3967  717 2422 1656 3898 3047  100
 2200 1876 4065 3883 4683 3051 3962 4517   90 2663 2230  428 2880 4558 1462 1175 3189 1240  866 1230  969 4696  332 3513  513 2788 2681 2429 1271 2843 2997 2521 2748 3262  256 2011 2828 4688 3850 1800 3505 2269 4508 4712 2176 2744  909 2517 3267 4078 2660 3007   92 1921 1578 1455 2980 2591  470 1807 2224 2406   44  708 4694 2436  412  873 2002
 1464  138 1486  110 3624  591  548 4448 4036 3571 1277 2661 1731 1757 1312 2297 4725 4487 2627 1848 4673 3724 1769 3894  260 1981 2494 1786 1665 2167 1147 1421 1192 2782 1446  812 3996 1137  360 4738 2393 4134 1917 4360  836 2950 4656 4217 3163 4570 1980  433 4592   17 2354 3077 2520 3303  590  814 1671 2922  989 1049 3212 4472 4515 1388 3013
 2208 2727 3410 4313   13 3294 4051 2063 3198 4743 3975 1473  218 1186 2173 2102 2272  670 1236 4476  573 2753 3633 2537 3248 3553  331 2463 1524 1583   80 4042 2151  838 3485  984 3064  603 3554 4049 1643 4591 4751  967 1901  266 2401 1250 4362 3168 1964 3613 2058 3238 4315 2015 1056  461 1309 1557 2760 4420 1856 3612  363  755 2857 1904 4027
 2457 3940  931 1000 3746 2027 1699 1393 4604 2343 2360 3569 2820 4644 1562 2675 3277 3971  698 3164 1061  852 3822 2562  682 2134 2758 2858  308  778 2955 4255 2445 2404 4512 2984 2685 3758 4185  209 1629 1176 3156  238 1448 2616   65 2285 2008 1145  728 2149 4102 3600 3707 4269  250 1152 1689  365 3249 1607 3227  140 3878 2246 2852 4691 3535
 2365  518 3785  635 2333  819 1008 2970 2867 1263 2312  839 2325 2389  107 2267 4564  509 1585 3629 4111 4066 2386 1355 1065 1001 4182 1598 4173 2161  124 4319 3296 4650 2154 3518 3240  205 2895  555 3496  825 2947 1947 1581 1025 2528 3448 1829 4302 4439 1729  446 1574 2934 1666 4722 2471  346 3298 4044 3812 4314  457 2981 3583 3557 2584 1261
 2264 4714 2552 2009 2283 2417  146 4475  445 3339 1960   28 1763  521 4735 3918 2361 2467 4211 4491 2158 2423 2746  657 3335 4390  540 2420 2032 1471 3656 1042  585  429 3877 2551 2972  493 2708 3597 2979 1926 3828 2929  875 3509 1948 2059 3915 4161 2021 4197 2651 1772 1537 3542 2487 1010  929 4103 3481  862  754 3849 2851 3157  385 1151  240
 4398 2637 3468 3070  267 1916 2716 3694 3040  869 2426 3994  549 2461 4744 3635  344  807 1181 4410  683 3324 4146  722 1843 3537 2855 1004 1293 3333  320 3292  248 1560 4758 2837 3383 1968  961 3573 1652 2491  986 2292  328 4444 3499 2719 3524 1132 2116  571 4424 4556  213 2673   40  692 3973 3403 3356 2212 3421 3126 2101  614 2482 4493  490
 2025 1584  843 4367 4394 4077 1663  864 3704 1107 2266 1770 2126  469 1746 3740 3012   64 3096  408 1792 2580 2473 4381 4418  511 2722 4125  104 4121 3810  926 3390 3247  325 2913  358 1801 2506 2723 2887 2825 4685 3604 4188 1280 4210 2533 1215 2570 1340 4265 1580 3655  271 4496  414 1203 2132  562 3888  976 1756 1868 4459 4566 1502 1745 1063
 2946  964 2751 1716 1298  214 2261 1775 1165 1569 1435 1449 3044 3455 1106  828 4596  625 4736  466 2152 1625 4334 3155 1443  196  955 4477 3533 1194  225 3619 1418  767 3402 1576 2477 4686 1075 3987  418 1161 4107 2558 1804 1362 4525 3846 3784 1080 4411 2574 4223 3063 1089 1617 4253 4018 3991 4638 2977 2745 2486 2549  130 3384 4033 2033  735
 1221 3764  186 1760 1979 2611 4048 1618 2349  832  979 3503 2223 3565 3237 2991 2710 3018 3046 2251 4016 3387 4733  489  220 3893 1638  298 1519 3953  581  994 1479 4684 4581 1544 1123 1682  276 4500 1410 1787 3508 3306 2873 1469 2387 3219 2896 2875  376 1146 4331 3080 1781 2987 1198 1009 2915 3511 1824  715 3826 3676 3140  520 3560 3430 2053
 3871  745 3661 1231 2578 2123 1919 1996 2026 3152 3230 3936 1612  312  804  844  329   69 3288   14 4649 3315 2608 4526  795 2296 3889  153  817 2341  454 3926 3632 2507  556   33 4178  587 3055 4631 3451 1743 1859 1258 3866 3179 3478 3970 3549 1606  458 4245 4140  981 3678 3615 4311 2813  539 3805  519 1434 4645 3097 2739 1834 1809 3330 1650
 2221 1209 1648  951 1984 3420  810 4071 2301 1444 4446 2241  685  733 4482 1281 2492 2978  442 4704 3927 2666 4088 1436  841 3574 3819  166 2641 2326 3141 3428 4484 2742 2705 2331  411 3178  664  426 4290  890 1844 3281 2190 1712  350 4316 4025 2696 1007 3224 1934 3976   46 1295 4639 1930 3556 3929  892  710 4000 2195 2579   81 1799 2684 4682
 2019  740 3154 4586 2512 1573 2191 1374 4383 3334  364 4190 3031 2889 2016 2951 3052 1649  659  351 3378  327 4299 1324 4535 2085    8 3686 3811 3150 1732  471 1734 2321 2327 3527 4386 4703  125 4343 2428 3709 2796 2194  338   25  182 2294  422 2466 3463 2288  361 2703 2109 1356 1565 4513 1639 3411 2589 2999 1838 3192 2657 4612 3291 3426  133
 2468 4126 4335 1636  985 3395 3717 2698 2210  255 3273 3589 1470 2633 2080 1223 2781 2804 1642 2538 1962 3729  774 2519 3148 2329 4340  826 2794 4109  237 3028  432 1155 2816 3786 2339 2631 4376   29 1840 4506 1232 2408 1556  695 1064 4252 4246 1759  536 1380  911 1216 1751 3756  725 4375  259 1045 4282 1828 1680 2648 1903 2105 4621 4536 3957
 3609  856  222 3829 1853  867 2841 3814 2179   12 3899 3943 4544  937 1695 1966 3462 4453 2010 4306  375 4510 2833  840  150  824 2954 2141 4041 2993 4187 1279 1616 1022  780 4573 3876 1395  566 2888 3816 3679  544 1390 3596 2864 1251 1166 4661 1197 1048  950 1370 3842 3310 2743  940 4132 1290 4667 3806 1862 3618 3486  387 1336 1099 3241 1858
 4080 3054 2388  902 2270 2306 3531  273 3252  613 1213 4256 1518 1076 2480 1768 1909 3952  734  184 1227 4665 1803 4742  922  265 2914 2478 1070 2799 3476  173 2160 2289  530 1174  136 4468 4543 4718  616 4590 4339 1605 3710 4651 1339 3075  249 3602 1871 3435 3450 1541 4616 1718 3274 4270  212  813 4595 4546  990  723  290 3708 4208  893 3049
 3328  123 1077  757 3947  170 2845 1239 3997 2145 1944 2886  102 3731 1600 4291 4417 1369  373 2214 1284 2935 2287 4721 2784 2356 2639 4073 4180 2940 3824 3345 1691 3914 2585   84 3344 2072 2536 1142 3069  524  241  567 3541 3892 2928 4422  270  105 3125  671 2732 2773 2602 3795 2729 3408  630 4203  318 2674 3204 2802  820 2992  315 4539 3107
  594 2432   32 1957  495  808 3627 2100 2127 3035  881 4163 3130 2982 2601 4641  815 2496 3104 3510 4118  738 1549 2189 3636 4274  589 2618 3472 3654 3802 2994  172  661  736 3286  771  938 4739 1172 3598  522  221  947 4717 3891 2469 2554 1207 3425 2849 2091  752 2907 4412  491 4015 1860 3737  576 2218 2878   58 4395 4195 4267  638 3236 3525
  637 4572 3014 4399 3201 3215 2081 3568  455 2465 1873 1156   43  459 4469 2838 3530  974 3523 1902 2217  596 4737  230 4734 2475 3954 4148 1368 3133 1587 2171 3377 3048 1457 1764 1546 2505 1817 3263 3699  702 1702  114 2043 1140 4728  789 1866   83  998 1942  247 3405 4528 1753 1242 4462 3309  111 2747 3282 3447 1927 3873 2244 3727 3033 2645
 1854 2565 2040 1604 1534 2900 4304 4336 4567   82 1027 3351 1485 1599 3359 1384 1342 1550 1932 1426 1202 2937  891 4760 2801  283 4296  510 1820 2001 1842 2714 3750 1967 1924   71 4749 2504 4349 2280  882 4020 2622 2655 1149 2144 1711 1825  687 3664 2211  906 3394 3575 3320 2812 3776 4555 3760  348 3367 3073 1720 2071 2779 3206 3225 2319  621
 3647 2300 2686 2390 3836 3582  966  681 4474 2872 2192 4053 3931 3226 2700 3646 2348 2216 3879 4409 2142 3151 1610  748  537  322 2347 2276 1701  672  662 1685 4740  750 4756  791 2542 3369 1477 1472 1259 1997  709 1466 3779 3038 1021 4275 2534 2569 1995  372 3474  653  342 2322 4514 4366  959 1397 4032  747 4063 1564 4373 1672 4099  604 2310
 3660 3882 4648 4047  288  805  831  713  462 3208 4400 1325 1015  278 3413 3592 4317 3722   10  441 4470 1726  384 3106 4492 3142 2157 2511 1321  568  675 4435 1821 1805 3854 1845  464  946 2183 1946 3093 4300 4113 4321 1516 3467  192 3313  159 1373 1185 1532 3847 1539 1040 2044 3713 2967 4104 3090 1228  606  756 3759 3484 4159 4588 2588 3305
 1888 4358 1913 3183 2397 3388 2668 3917 1736 3539 4675  971  663 3243 2890 2170 3688 3803 4089  487 1889 2644 4150 3885 2985 3432 1563 1480 4241 1154  392  481  301   76  917 1441 1118   95 3423 2720  860  570 2792  608 4451 3214 3924 4052 4449 2330 3887 3591 2097 2136 1978 2443  486 3460 3091 1939 1614  284 3517 3111  764  340 2830 4298 1120
 3160  799 2394 4259 4026 1750 3180 2783 4280 2260 4202 1778 3058 3490 3921 4029 2669 1613 2728   93 3444  180 1127 2233 1513 1367 1447 3859  935 4153 3884 1364  515 4606  706 4585 3725 1881 4222 2278 3177 2263  849  863 1301 3443 1748 1415 4348 3652 1178 2378 1815    7 2014  476 2989 3264 1303 2949 1402 4100  538  244 2988 3982  956 2840 1311
 4627 4426  809 3027 4666 1254 1038 4068 3790  473 2607  277 4527 2120 4198 2315 2257 1819 2508  447 4759  572 1419 3056 3995 4391 2065 1832 4332 3128 2180 1971 1512 1595 3576 2128  438 4350 3095  914 2196 4205   56 2286 2418 3865 2527 4221  995 3621 1028   15  848 3744 2600 3853 4149  761 1241  436  871  997  936  803 1864  558 1861 4540 4233
   77  444 3605 1785 1951 4488 3586 3136  145 4287 3041 4155 4578  704 4037  642  680 4082 2259 2879 3890 2905  798  106 1034 1655 3965 2062 4430 2440 1046 4454 2379  391 2225 2777 2740 3331 4235 1445 1141 1359  415 4659 3099  115 4522  407  885  760 2030 2227 4754 2372 2012 1270 1522 2545  178 2476 4011  448  356 2369 2546 3838 4060 4716 4328
 3645 1986  292 3845 4229 3017 3566 2424  162 2908 1276 2678 4483 1489 1126 3766 3132 2115 2780 3368 4305 2776 3412 2298 4055 1551   42 3843 1422 2540 3404 2188 4002  239  941 1898 2862 2595 4105 2048 2050   86 1669 2715 2671 2615 3165 3852 1343  582 2960  316 3308 4076 3072 1969 4074  193 2034 2089  592 2959 2772 1908 3323 1341  719 2797  226
  367 2442 1252 4690  341 4401 2219 1104 4677 2541 3815 3102 1095 1892 1177  575 3639 4283 2885 1568 4112 3353 4576 2563 2371 1740 3078 1705 1245 4538 3867 1531 1773  696 4498 3789  285 1673 3366 2337  775 1102 3199 3422  628  419 4732 1314 2434 2213  785 4090 2345 4324 2447 2734 2303 2452 4419 2243 2253 1706 1423 1361 1690  689 4438  343  845
 1886 1897  768 4678 1111 3747  960  787 2834 2498 3580 1667 1347  163 3389 3118  674 3912 2577 3840 2932  280 2493 4129 3456 3280 3211 3370  499 4393 2146 2532  726 2095 2453 1018 2314  781 2808 3279 2995 2088 4697 1577 3059 2735 3271 3909  525 3473 3622 2789 4005 3232 1225 4524  421 4478 3637 1482 2500 3311   39 3896  639  611 1382  512   27
  731 1976 4434 4441 4622 2054 1972   79  666 4081 2654 1337 4443 2771 3297  319 1509 3968 3103 2083 3194  932  353 1229 1115 1794 1675 4503 2082 1855 2765 3433 2351 2613 3453 4119  437 4012 3628 1943 3608   88 1870 4486 2869 3990  991  773 3801 2395 2823 1371 2118 1273 2197  988  242 3299 1846  158 2514 4085 4485 3498 1097 1540 2061 1674 4123
 1053 1713 1201 1852 3167 1033 1918 3715 4636 4532 4260 1226 1654 1872 2659 1590 2281 2074 3336 2450 1836  204 1193 4022 3691 1865 2242 4293 2853 1651 1182 3668 4212 4261 2449 1211 3293 4135 1238 4058  794 1019 3114  626 1124 3551  126 2902 3045  854 1079 4575  494 3143 4389 2923 3231 1895 4565 4680  381  450 1738 2090 1694 1725 2023 2186 2094
 3036  149 1498  782 1416  199 3577 4204 2594 4231 2614 2524 2757 1066 1068 2919 1168 1572 2299 1401 1653 3113 2883  268 1681 4344 3251 2963  730 2399 4158 4473 2459 4294 2421 3062 4262 3648  927  143 3663 4243 3667 1100 3466  816 3606 1637 1914 1163 1697 1645 1622 1476 1320 3001 4249 2376 4115 4154 1503 1024 1536 3741  577 1103 1139 4286 4244
 2464 4006 2762 1797 2499 3657 4551 2013  834 2733 1749 4464 2604 4084  139 2484 1774   54 3043 1143 2791  234 3519 2606 3256 2522 1925  851 3392 1696 4193 2377  640  243  264 1506 4615 1847 4634  478 2075  707  368  314 3958  879  646 2316 2712 4307 3409 3089 1020 2859 4625 3782 3418 3021  806 4122 3174 3536 4209 1041 4147   49 2793  783 3681
 2965 4427  584 1808 3946  887 3673 2199 2688  583  380 2156 2557  501  925 1983 4013 1875  313 4602 3960 3570 2077 1664   59 1300 1851  924  900 3181 2553 4413  977 2559 1609  905 4164 1088 3588 4520 3216 3246 3419 2470  915 2815 4447  983 1055 3780 4711 1204  676 4560 4250 4396 3346 2653   74 1043 3833 1450 3270 3436 1755 2249 1478  633 3999
  743  439 3190  187  579 4086  382  559 3932 4626 4206 2446 1662 2707 3880 1131 3065 3382 3755 4628 2489 2078 1150  532 3526  551 4257 4504 4263  317 2412 1195  413 1297 1761 4377 1253 4433  386 1885 4632 1974 3358 1833 1302  822 4537 4425 2277 4144  933 2848 3326 2826  612 2110 2226  741 4143 2111 1733 3910 1224 4530  108 2667  712 2597 2964
  217 1403  293 4593 2357 4059 1128 4310 1670 3745 2444  563 1907 4181 1698  394 2162 1535 3406 4497 2238  282 3974 4162 1257 2650  160 1383 4633 1005  258 4345 2672  142 1945 1190 2344  177 3287 2166 2856 1543 2636  497 3753 2258 3397 4431 3610 2807 1372 4172 2084 3928  923 1087 2057 1167 4371 3322 3365 2943 1777 3913 1530 1791 1474 4594 3799
 3757 3687 3595  560 4598 4600 1350   67 1814 1929 3702 3711 1795  191  678 4681 2231  910  190 1765 2737 2642 2332 3716 4192  623 3944  355 3004 1784 3005 2240 2836  884 1523 2279 3798 3743 1911 4151 3068 1148  147  378 2402 1096 1893  370 1456  965 3616  934 4240  503 1036   37 2052 1274 4285 3528 4423 3479 4378 4479 2205 3500 4693 2711 2483
  127 1707 3644 1510 2042 3856  823 3552  431 2547  746 4054 2169 3942 3098 3039 3692 2874 3066 4215 2924 1234  784 1545 3025  528 3559 2098 2035 2125 2108   26 2680  557 1285 3127 1222 4083 4521 2917 2087 3083 2620 3381 1058 3321 1601 3202 1487  649 2996 4571 2817  452 3399 4069 1051  299 3817  999 4278 1420 1379 4523 1330 1322 2860 2933 3768
 2571 3593  194 1810 1460  304  801 2687 2130 1528 3512  618 1660 3772 2431 3665 1458 4605  307 2510  389  498 4489 2207 1700 4236  711  580 3373  542 4046 2921 4455  758 3594 4397 1863 3603 2697 2877  198 3461 1417 4168 2621 4562  321 3278 3984 2609 3821 3229 2635 3823  942  216 3662 2592  855 3008 4214  691 1305 3081 1679 3502 3767 2064 1032
 3135 3233 3379 4421 4559 2941 3319 1404 1714 2842 4234 2656  423  727 2854 1710 1641 2691 4640  383  465  517 2628  660 2952 3196 2587 3659 3607 1954 3993 1381  598  561 3543 1060 3427 1243  880 1136 4128 2355   53 4043 4501  610 1310 2107 4388 3983  401 3488 2302 1173 4338 3364 3149  647  599  211 2318 4481 2358  137 4191 3626  118 3188 3769
 3357 1335 3203  547 4702 2381  903 3919  827 3839 1906 3601 4363 1985 2550  916  868 1160  369 3185 1255 4039 2560 3343 3124 1849 4674 4653 1737 2646 3964 2543 1433 4117 4369   38  569 2106  396 2175  636 4325 2927  777  975   52  883 1640 4726 1014 2076 4199 1067 3491 1533 2598 1162    9 3874 1880 4028 4402   94 2831 2721 4374 1244 4341 2904
 2909 3959 2871   66 1438 1624 1405 3680 2182 3348   73 3956 2821 2944 1628 1754  620 2140 4079  615 3933 1822  201 1017 4516 4724 2582 4379 2806  359 2763  602  460 4354 4541 4701 1407 3788 2262 1517 2901 4264 3088 1887 1899 2725 4490 1998   85   99 1823 2215 2018 2409 4152 4746 3347 3483 2581  574 2129  417  251 3723 4436 2458  766   41 2438
   36 4141 1461 2501 4460 2336 2717 2847 4353  425 2973  953 4171  597 2185 3658 2133 2861 4347 2143 1375 4145 4014 2174  424 1989  858  135 4095 2709 3265 3507 2617 4579 2119  480 3242  535 2790 2113 1910 2891 4276 3454 3614  700 1023   19 2692 1963 1879 3153 3897 1292  122 2583 1012 2770 3446 1294 1119 4748 1704 2309 2730 3540 1496  505 3685
 4582 3276 3034  833 1138 4384  337 3775 2416  291 2479 1938 4351 3452 3440 3050 1006 1247 2724 1492 4552 2209 1630 3495 3701   68 3254 1767  479  654 4038 1328 4518  957  821 4124 2839 3469 1688 1894 4329 3590 1494 4327  668 4614 2766  993 3677 3101 3371  296   45 1054 1334  792 3906 1668 2323 3672  245 4323 2894 1839 3250  859 2045  861 3223
   31 1428 2693 1798 3734  154 2868 2576  371  451  202 3977 4414 1029  918 4137 1520 2096 4505 1507 4106 4747  876 3572 1002 3728    5 1187 1676 3844  406 1153 2670 4001  908 3920 3630   89 1451 4337 3719 1117  552  835 4091 4201 1121    4 1112 4010 1591 1724 1439 2509 2704 3981  541 3955 2147 4542 4138 3119 4247 3191 3162 4480 3173 3841 1326
 2373  688 4550 2391 2835 3172 2974 1735 1377  703 3864  306 2041 3992 1566 1952  895 4057 1766  210 1035 3963 2774 2683  453 4467  261 3980 3904 4720 1776 2237 2769 3820 4067 1728  349 3213 1826 4170 2006 1935 1813 3374 1431 2556 1072 2392 3259 2814 3923  588 2184 2539 3761  634 1414 1575 3902 4370  402 2485 1923 1602 3831 3145 4056  399 1262
  729 3355 1389 3475 1272 4729 1344 1514  644 4658 3504 3792 2177 3459 2956 3642 2405 2069 2046 3307  224 1267 4179 4408 2846 1941 4663 2568 3620  759 1812  171 4019 1317 3625 3872 1592 2099 4062 2619 3016 1542  968 3327 4404 1693 2204  631 3809  904 1811 3804 2768 1260 2975 3562 1349 4719 1159 2822 1286 2000  246 2544  907  294 3693   23  440
 4352 3515 3010 3886 1802  474 4101 3492  272 1647 4189 2455 2114 3754  877 3837 1134 2612 1376 2741 1358 2695 1078 4248 4045 2121 2702 2523  229 4167 1237 1987 2738 2350 3751 1867 1333   48 3442  694  894 2441 1086 3770 2448 1869 2795 2634 1296 2419  281 1465 3082 3979 2699 3221 2566 2271 4281 2632  362 4529 2572  398  526 2903 1589 3773 3255
  269 3477 1352 4295 3903 1288 2370 2024 3171 2047  751  112  554 2352 4731  300 3257 4333  330 3848 3762 3134  393  605  962 3587  772 1722 2625 3170 2073 4406 3074 3217 3544 3733 1877 4654 3585 3945 2573 3611 3131 1878  252 3094 2284  920 2308 2265 1206 1459 2172 1090 1269 2515 3003  354 4450  236 3497 4415  945 4589 3110  134 2969 3253 1703
 3774 2899  148 4752   96 2086  919 2803 3748 2039 3424 3900  430 2433 1657 3972 4698 4030 4226 1467 3860 3966 1931 1758 3260 1327 2135  978 3631 3895  333  516 1385 2679 4237 4440 4587 1620 3749  113  235  948 1635  622  168 1306  263  390 2056 4050 2593   57 1741 1970  874 2567 3457 3193 3123 1440 3862 1505 1493 1499 4139 4322 3314 3696 3870
  872 2066 1554 3414 1687 4531 2413 2203 1463 3340 1291 1882 2374 3787 4657 2206   98 1920 1171 4330 1905 2163  901  311 2968 4359 2626 1233  565 3108  141 2502 4569 4629 4224  253 3197  619 1659 3907 3116 1953 4361 1497 4008   30  944 1050 4509 3361 3858 3363  897 4075 2882  865 2525 1621  379 3438 2785 2380 1762 2575  878 4165 1062 2400 4452
 1387 3857 1210 2037 3950 3643 3861  129 1158 2503    1  103 1218 2250 3144 4494  853 4545  128  790 2038  656 4216 3735  345 4093 4355  742 3067  119 3275 3738 3182 4312   18 2961 4428 1999 3218  763 4630  982 2827 3941 1092 2198 4342 1678 1016 1319 2749 3176 1752 2004 4177   87 1184 2291 2990 2079 3087  403 3765 4228 3851 3139 1958 1052 3771
 3911 4710  829 1332  151 1816  744 3777 3284 3522 2036 3579 4266 4176 1508 2623  164 4432 2051 3029 1521 1547 1883 1504 1890 3794 3742 3868 2193 3258 2488 2624  254 3332 2752 3690 2359 3567  553 4156  514  156 1552 4624 1594 2706 3640  232  377 2936 4549 2713  701 3401 2529 1411 1183 2819  482 2682  504  913 2976 1684 4664 2275 1538 2513 3506
 3881 1950  943 4601 1348   63 1779 2220 4320 2764 3683 4242 2131 3272 3834 1427 4499  753 1144 3244 1378 2396  533 3360 4466 1481   16 4292  468 1830 4761 1031 1396 2925 2664 3338  309  435   51 1940 3386  545 1366 4442 4094 3350    3 3266 4554 1085 1483 3079 1661 2366 4007  578 1409 1130 2222 2916 2252 3905 3714  189 3521 4557 2415 2092 3534
  737 1003 4023 2756 4471 3002 1721 1579 1900 2031 1827 1026 3362 1597 2307 2362 1658  716 4308 2007 4365 1037 4534 2605   78 3302  595 2750 4326 3186 2701 1933 1634 4705 1527 3175   50 1936 3439 2966  131 2451 3441 2942  305 4429 2181 2435  721 2437 2850 4713 4301 3697 3935 3437 3985 1955 4213 1329   75 1268 1484 2586  233 2805 1633 2168  912
 3290 2382 2962 2159  101 3916 4108 4034 1133 4271 1644  287  788  347 2313 1256 1345 2060 1307 2411 2165  786  449 4465 4407 4617 2020  289  921 2881 4706  215 3706 1424  954 2282 4568 4623 2070  648 1928 3736 2295 1082 2948 1717 4607 3342  176 4035 3129 2268 4220 2248  643 2055 3563 3009 1831 4603 1059 1627 3674 3354 3376 1708 1249 2662 1835
  796 3489  720 1200 3988 3268 2983  174 3300 2425 3638  275 2898 3908 4679 2338 3316 3042 3122 3695  405  388    6 3458 1199   60 2939 4175 1013 1511 2610 2375 3023 4574  352 1730 1442 2104 2918 2810 3720 3703 4584  650  488 4207 3261 4647 3546 3022 3289  830 3220 3210 1157 2384 2103 2957 2334 4003 2761 1392 1915  366 1398 1278 2643 1289 1586
 3705  793 4219 1742 3925 2403 4730 1692 4620 1771 2067  483 3057 2731 1094 2137 3718 3550 4692 1571  673 3115 1526 1346 2255 4040 2938 3086 2117 3669  699 3501 4318 4611 1011 3285 4392 1548 1988 1425 1220 4061 1793 2460 1596  527 3797 1727 4727 3827  279 2893 1992  409 4368  467  155 1116 4403  228 3830   24 2818 1105 3312  302 3470 1129   11
 3670 1747 1030 4097  434 1248 3471 2029 4174  601  477 2232 3739 2892  188 2690 3949  629 4382 4668  837 4232 4599  739 4507  609  507 2150 1109 2920 1949  395 3431 2596 4613 2112 3732 2518  624 2427  627 4024  980  811 4356  286 2906 3449 2385 4200 4502  506 1973 1491 3372 4642 4184  857  274  652 2647 3169 4672 2363 2561 1108  714 1975 3650
 1631 3445 1351 2254   20 3813 4098 1318 4445 2689 4609  207 1430 4753 1406 4671 1235  531 2754 4092 3207 2931 4643  802 1959 2718 3520 1857 2590 1363 3578 3317 2456 1956 1588  762   55 3653  116 3228 4597 4357 4186 2953 2811 2274  632 1515  181 3020 4268 3076 1122 2665 2726  870 2787  655 1723 3092  157 3948 3763 1047  416 1391 4031 2178  797
 3393 4110 2516  152   21  231 3855 1715 1125 3555 1615 1495  262 2778 4463  335 3939 2564 3721 1488  121 2800  324  502 1208 2235 4646 3800 3352 2911 4457 3875 1315 4676 1961 1093 4346 2305 3561 3283  564 3187 1582  323 3649 3998 3121 1677  543 1246 1394 4009 2677   70 4437 2247 1057 3304 4709 3617  195 4695 1567  677 3341 4277 1113 1101 3808