 1363  921 4328 3069 4005 1181 2060 3772 1901 2741 4581 1265  864 1362 2754 3996 3763 1209 2656 1069 4278 3995 2504 3273 2009 2586 2101 3593 1232 3338 3479  600 2722 2276 3090 3909 2495 3766  993 1075  773  817 2350 1873 4405 3203 1031 1513 2310 1662 3754 2802   98  348 1855 2817   29 2643 4782 1847  555 4129 1477  615  727 3648 3930 4848 4850 3670
 2227 4200 3070 2936 3259 3435  611 1384 1057 2359 1707  413 1639 4677 4310 2484 2049 4274 2813 1463  446 2384 3402 1468  216 1929 3965 4766 3071 4555 3762  809  452 1728 1136 4065 1324 3302 4685 3715 2197 3616  273 2303  687 1732  647 2910 3896  259 1408 1485  415  731 4852 3133 4112 2914 3322  752 3031 3597 4608 1168  981 2461 4572  677 2444 4805
 3392 4128 3612 1962 2024 2193  107 4867 1267  151 3373 1947 4647  951 1327 4356 1783 4740 3969 3358 2169 4251 2182 3086 2012  753 3528  652 2223 2038 1851 3049 2395 4363 2280 1759 3421 2328  285 1426 2740 2138 4856 1377 2003 2790 4285 3212 3247 3642 3057 1338  936  877 3745 3532 1157 4387 1437  568  236  661 3192 1293 3409 3051 3134 1244 3081  705
 4639 4862  905 4799 1798 4429 1404  146 3184 2277 1278  240 2912 1751 4406 2067 3549 3047 1220 1586 2893 2764 3652 3663 1105 2417 1458  406 1934   66 4688 1806 1975  865 3235 4403 3262 2930 2732 2029  619 3564 3085 4681 1302 4534  263 4176 1652 4022 1032 1194 4382 4684 3794  335 3904 1644 2549  867 2237  561 1915 3907 2700 3548  214  328 2943 2117
 2951 4627 3821  642 4437  538 1399  372  341 1910 1646 3722  506 4747 1661 2465 3902 4896 4245 2234 4507  520 1306  933 3917 2323 2443  992 3174 2226 4515 3877  455 2260  930 1009 4226 4281 1743  436   53 2839 3620 1764 3841  893 2149 3698 3761 4694 3792 1382 2738 3213  613  927 3287 2995 3885  330  114 1470 2534 4487 1625 2605 4517 1935  317 4322
 3647  373 2283 1495 2793 4624 4451 3388 2901 4485 2573  590  472  697 1563 3055 2639  199 4857 3276 1565 1822 1427 2196 1843 1626  242 2531 2576  983 2451 4606  953  874 2007  627 2849 2498 4876 3127 2663 1930  437  454 3307 4641 2858 1699 3022 3993 2819 4445 4416 3456  283  996 2931 3486 4734 1053 1992 4736  208  239 2590  351 3880 2122 4885 4869
 2748  228 1216 2066 4169 3264 4142  187 1972  976 3753 2545  762 2664 3788  990 4715 3371  374 2033 4580 3156 1980 2352 2454 2731 3693 3578 4565 3123 3924  425 2021 3696 1287  481 4332 3966 1026 1841 1640  215 3321 2296  248   68  136 4690 2829 4214 4033 4713 1506 3960 4386 1042 1392   69 4087 3400 3232 1289 3929  882  582 1518 4811 2131 1939 1803
 1152 1332 3621 2733 2948 4262 1963 1188  768 1771   12 4292 2743  719 1819 4166 2019 2810 4541  177 1480 4800 2602  634 1259 4336 2727 4892  693 3433  503  738 4810 2535 3097 1348 3385 2337 1313 4872  732 3217 4863  792 3592  529 4769 3182 3454 1923 4233  405  106 2597 2212  554 4826 1261 2269 3476  676 2553 3297 3557 1654 2831 2636 2794 2482 3233
 4075 4295 4103 4658  846   25  658 2301 3328  655  270 4761  831 1100 1394   38 4260  389  887 3508 4828 1296 3021 1206 2069 2833 4296 4709 4755 1372 4369  755 2095  462 1227  560 3160 1704 1017 4561 4384 1367 4877 2713 3422 2950 3040  474 2257 4439  941 4368  596 1746 3685 2662  148 4068 3695  399 4380 4287 1597 1613  872 2376 2674 4529  188 4111
 3600 2724 3067 4398 4196   54 3499 1311 1893 4299 3664 4721 1163  247  164 2108 3640 1456 1537 3645 1074  954  186 2468 2809 3223 2759 3064 2854  282 1692 4136 1288 4037 1812 2025  249 3834  122 1376 2425 2475  834 4468 4785   92 3687 1428 1568 2220 3113 4847 3618  749  534  519 2986 3204 2845 4168 4092  922 3617 4689 4171 1591 3803 1615  536 4304
 2127 3488 3498  128 2929 4091 4725 4787 4628 3185 2294 4108 1153  675 2111 1254  158 1945 2591 2046 3114 3375  681 1828 2062 4615 2855 2263 2655 2053 3610 2026 2637 4837 4418  758 2070   65 1321 1797 2919 4839  789 3767 2121 4497 4130  743 2215  380 1781 1931 3631  378 4045 3060 2383 4731 1299 3300  666 2431  354 1801  209 2842 1011 3458 4315  548
 1353 3802 2175  759 2338 3615 4462 4007 4216 1459 2210 2797  347 4172 4094 2939 1484 3979 4318 2211  345  844 3093 3408   13 3487  489 2872  816 4330 2702 4241 2473  398 1309 1501 3253 4359   56 3725 1821 4669  412 2369 3380 1656  507 1360 3310 2725 2455 3661 3823 2509 4197 2709 3246  832 1907  585 2043 1983  117 1224  266 4691 3229 3789 1030 4579
 4479   84 1755 1695 1554 2958 2862  861 1919 1538 3344 3115 2308 2456 1503 1133 1092 1671 4428 3319  467 4116 2688 2890 3700 4626 4683 2096 1388 1123 2351 2742  355 2874 4493  744 2057 2541 2621 4175 2380 2150  361 3509 3399  835 4181  599 4078 3124 4140 2421 1066 2073 2692 1285   89 4748 1341 3284 1859  823 3244  684 2627 3466 3686 3805 4095 2687
  323 4758  172   90 1579 4421 3982 3333 1221 2086 3446  291 4049 1739 3080 3242 1235 3268  964 4640  610 1269 4512 4651 4275  969 3540 4253 3382 4821 2812  636  853 1349 2928 4415 2517 4252 4041  999 1177 1725 2134 2378 1022 3976 1007 4765 1526 2786  212 4205 2333 2755 3393 4066  609 2430  801 1234 1117 3856 3215  132 1478 3720 1185 1918 3419 1958
 1883  726 2267 2411  849 4843 1550 3757 1892 4623 2750 3533 2572 3495 4793 3503 1292  217 4255 3389 1794 1218 3121 2047 1860  840 2558   78 3809 1985 2840 2078  774  245 4478 4504 1536  125 1036  850  878 1717 3110 1395 3688 4707 2474 2479 3035 2763 2999 3980  855   60  913 2788  653 3172 4664 2559 4893 1049 2871 2859 2490 2716 4127 4630 1081 3554
 1570 3164 1624 4109 1010 4011 1138  219  192 1844 4739 3749 2018 2079 1446 2543 4314 2672 3416 2789 2450 3326 2106    4 3897 2110 4570 2295 4614 2768  718 3741 3946 3029  511 3956 3311  682  369 2749 2447 3737  919 1546   70 4531 2236 2911 2155 2988 4228  781 3032  368 1145 3126 1712 1171  382 4407  814 4394 2785 1741 2377 1937 2891 3015 4084 3807
 4225 2314 1854 3520 2358 1104 4397 1263  327 3945 4714 2734 1693  546 4180  493 3853 4079 1128 2489  483 2487 3752 3768  411 2529 2055  316 2190 4019  131  449 1701 3059 3325 4851 3245 1991 3812 1204  918 4122 1077 3795 3998 2125  713 3352   46 4864 1782  883  995 4399 2286 1660 4716 3036  974  868  422 3559 4072 3467  946 4452 2160 3216  757 4881
  495 4558 4392  569 2866 4076 1609 1507 1885 3194  111 2437 1877  223 3689  475 2836 3024 1852 4071 1527 1452  303  902 4458 2954 3292 4035 4448 3222 1315   33 3566   45 1345 1297 4836 3349 3705 4000 2568 1421 1308 4660 4803 4575 2424 1439 1483 4401 4564  392 1050 1946  383 2327 3145 1948 1898  603 1824 4750 4486 3412 2670 3239 4434  728 2728   96
 4366  575 1984  802  572 1291 3275  730 4440   99 4553 4155 1447 3045 1129 3632 1273 1469 2628  377 4702 4157 4513 2715 2691 3804  193  775 4375 3278 1578 3193 2448 3502 1738 3948 2705 1617 3266 4161 1696 2264 2354 2757  201 4208 4733 1219 2979 4215  140 2364 3158 4104  418 4008   44  509 1825  722 1521  784 1444 3353 3732  783 3522 4577 2960 3740
 1672 2485 2203  513  395 2863  943 2578 3179 3387  537  210 4298 4879  498 1555 1572 3555 2233 2511 4388 2118  178  639 3927  765 3878  646 4812 3624 4655 4706 2835 4250 1132 4846  457 2648 1562 2185 1369 1605 3098  562 2071 1840 1496 1970 1657 1870  959 1814 4796  553 1891 1082 4302 4770 4717 4240 4030 1817 4816 3613 4354 2120  497 2634 4603   72
 2667 4044 4890  870 4042 4204 1432 4152 2892  401 3798  200 1055  777 4059 1260 3801 2707 2847 3513  978  336 1718 4696  711 1358 2393 1374 3713   15 3968 3507  994  305 2270 1731 1920 1336 1047 3625 3987  824 1868 2913 2908  461 3260 3660 3797 1908 4236 2374 4545 3623 1541 3131 3589 2051 2093 2884 4224  194 3730 2867 3750 4616  419 1329  897 2250
 3468  923 1750 1697 4868 1925 4282 4206 2469 3785 1385 1666 1476  903 1412 3568 2312 4453  854  514 3560 1337 3818 2832 2991 4097  852 3575 1583  112 1961 2446 1921 3819 3719 4067 3417 1932 1887  791  566 3152  180 1264 4105 2415  968 3290 2271 3653 1971 2098 3249  203 4618 3855 2708 3569  440 1574  508 4123  326 2696 3828 3418 3759 2115 1093 4887
 1913  108 2037 1122 1479 3514 3313  297 2514 4646 2406 2405 3771  464 1038 3530 2524 1598 3962 4849  928 3132 1785 3199 3654 3116 1673 4312 3770 2765 2918 3147 2915 4096 3469  137  302 2801 3639 3668  189  301 4776 1982 2633 2476 2176  756 1721 2217 4891 2174 4271 2438 1346 1191 1060 2767 1256 4146 4347  252 1242  322 4659 4054  862 1833 2698 3583
 2181 2221 3711 1048 2318 2620  130 2737 1339 2850  851 2423 4062 3727 4732 2331 3562 3692 1895  161 4700 1809 1804 4883 2888 3824 4003 1700 3783 3764  144 4163 4764 3211  894  526 3944 4093 1080 1073 2278 2262 2077  416  465 2966 3649 4002  447 1653 3020  485 1189 2435 3241 2281 3742  340 1685 4554 1601 4562 1604 2426  324 1024 4034 2711 3376 1045
 2023 3844  429 4557 1314 1951 3384 4115 4595 3699 3529 1328   75 4783 1763 3359 1762 4728  312 3936 1120 2481 3004  308   61 4344 2324 2154  857 3734 1894 1940  294 3346 2611 4720 1726 1772 3294 4457 2362 3178  334  625  986 4270 2493 4617 1119 1912  839 3887 1871 2194 2230 1648  617 4121 3056 3787 2520  673 3445 4223 2846 2157   16 3379 2721 1482
 2521  155 3104  702 1005 2739 4510 3254 3364  622  819 3643 1167 3135  960 4088  267 3601 2319  135 3483 2647  577 4043 1754 4900 3053 1622 2825 3669 3651 3674 3952  390 3274  337 3461  778 2000 3981 3977 1079 4064  102 2010 3196 1199  688 4472 2011 3188 3708 4235 3953 3263 2145 3894  183 4525 2403 4326 1559 2527  231  884   62 1475 4294 4610 1091
 3437 3342  104 2747  573  479 1789  466  583 2219 4635 1987 4511 3410 1510 4829  797 3002 3848  441  159 2222 2083 4475 1044 1063 2686 3923 4749 3911 4156 3129 2428 4719 2202 2933  522 1247 4894 2218 4256  118 3638  542 2048  438 4237 2204 3845  211 1909 4070 3478  349   21 2669 2020 3226  559 4085 2462 3451 4704 1041 3852 3755 2339   50 4211 2275
 2536  363 3799 2666 3994  105 4370 4427 3830 4620 1486 1435 1001  527 1497 1580 3619 3926 4711 3197 4467 2653 1682  614 1111 2624 3396 3511  795  888  400 1776 2587 2699 2515 4519 3079 4544 4182 2239 2225 1272 1460  892  241 1799  300 1853 2955 3334 2827 1670 2566 4350 4859 4464 1713  202 3747 3243 2528 4383 2719 2030  476  477 2519 2577 3827   57
 1953   81   80 3206 4676  162 2822  142 4480 4526 2777 1277 4791  815 4878 4481  914 4029 2532 1316 3959 2658 2650 3774  957 1113 2940 3910   94 1611 3662  662 4199 1294 3938 1647 2864 4888  238  650 1312 4311 2400 1649 2992 1417 4804 2998 1577 2124 3515 3967 2580  525 4567 3228  451 2887 2316 1917 1637 1187 1752 3697 3702 2680 1130 1627 2289 2651
 2255 1573 3895 3017 3992  207 4540 4663 2746 3350   41 2826 4133 1744 1325 2916 3089 1334 3465 2942 2821  618  945 1307 3186 3860 1619 1869 2326 3480  331 1933 1886  997 3001 2803  584 4424 4632 1856 4090 1440 1197 2592  502  456  329 2932 3883 3169  606 3989   34 3961 2645 4598  357 3372 1455  715 4730 3567 3864 3058 3395 1989 2256 3248 1373 3202
 2144 3867 4149 2394 4875 3493  782 2287 3447 2679  866 3537 4693 3411 4718  984  227 2027  264 1678 4818 3607 3553  629 4514 1779  786 1251 3434  410 1588 1143 3955 1874 3485 3369   88 2065 1810 1551 2510 2248 1720 2969 4110 2654 2782 2045 2402 2873 3039 1529 4012 4303 1534 4321 3214 3594 3701 1245 2274 3077  796 1161 2964  275 1651  353  272 3676
 1924 4790  736 4532 4779 4523 1532 4376 3381  195  628 3739 4441 4746 1621  515  175 3875  571 4895 1756 1186  612 1834 3063  671  685 1211 1340 4697 3579 2838 2213 2367    3 2162 3790 2317 3646   52  393 4842 2486  280 4668 1414  274  417 3784 3539 4477  660 4656 4600 2195 2099 3432  698 1938 1249 4167  268 1988 2130 4607 4682 3893 2126  896 2681
 1359 1179  651 2061  251 4391  754  379 3153 3355 2567 4775 3884  558 4860 2804 3026 4520 3341 2712 3423 3258 1730  346 3584 1379 1420 4195 2552  170 2249 3900 4135 2952 3272 2934 4556 2361 3438 1667   19 2736 3224 1927  822 2114 4413  907  421 4231  143 1383 3234 4052 3316  381 4408 3237    1 3964 1438 2941 1596 1231 3019 4609 1158 4267 1253  989
 3012 4501  935 4832 2346 1719  261  205 4364  578 1125 3773  262 3444 2671 4830  295 4055 1148  869 4449 2166 4834 3866 3506 4638 1634 3167 1352 4117 1151 3187 3527 3424 4539 3706  937 3481 3667 2824 2139 1936 3521 4538 3068 1680 2389 2440 1416 4316 3872 2530 2090   74  899 1175 3710 2179  952 2610 2201  531 2094 1832  532 2496 2814  586 1085  433
 4420 1884 1365  580 2235 3450 2571 3462  620 3781 4023 2816 2416 4763 2368 2265  748  709 3496   35 1758 3094  669 4680 4699 1240 3497 3870 3377  828 4189 1451 2505 1837 3726 3219 1088 4807 1061 4174  830 2920  420 3679 4425  100 2168 4351 3161 1805 1616  314 2506 1664 3331 2563 1641 4741   43 3398 4325 3558  764 3404 2429  258 2453  818 1371 2703
 3455 2177 2603 3534 2996  255 3151 1246  224 1355  271 1905  116 2584  126 4521 3712 2526  750 4645 4802 2609  402 1890 4290 2335 1881  254 4362 3863 3517 2379 2032 2723 4355 2799 4026 1115 4089 2540 2606  876 2798 3105 1582 2550 3157 2848 1602 2082 3937  557 3473  699 3914 2560 2397 2137 2632 3317 1282 4102 4365 2938 1998 3003 2420  567 2668  948
 4338 1072 3177 2132  339 3591 3407 2109 4551 1065 2957 2022   97 1084 1524  184 4317 2068 3277 1727 1889 2097 4657 1381  442 2963 4498 3439  528  875 2254 3337 4248 3065 3330 1862 4178 1815 4198 4792 1638 2105 2623 4145 3950  434 1765 1943 3510 3691  296  785  320 2588 4591  737 1745 3958 2956  806 3588 4759 2861 1735 2229 4280   10 3285  233 3083
 4402 4269 2512 4435 3563 3271 2408  904 2404 1295 4119   71 2075 3728 3201 3343  243 1068  551 1944 1964 3951 3963 4642 3657 2224 2205  706  459 1516  530 2128  321 4752  760  626  886 4353 3457 3743 4060 2480 2921 2642 1792 4528 4576 3112 2967 2300 2313 3756 3576 1492   18 2554 3760 1174  494 1702 1808 4374   58 3644 1391 2976 2240 2644  841 2693
 1608  191 2800 4778 1716 2689 1210 3810  235  299 3636 1154 4861  468  387 2546  808 3525  825 4306 4099 4412 1575  700 2562 3505 1083 2613 1542  631 1866 2028   86 3181 2625 3780  871 4461 2766  607 1450 3413 4134 3332 4444  167 4016 2905 4813 1004 3314 4191 2926 4436 2844  632  103 1418 4516 3793 1445  182 4131 2607 2604 4377 3939 4414 1674 1466
 3150 4339 4665  500 4378 1902 3854 2629 4742 3463  358 1169 2184 4082 1710  198 4590 4313 1969 4118  359 1213 1202 4460 2594 4726  565 3690 2360 3573   28 4309 1543  156  206 2015  176 3336 1056 1614 4604 4221 1826  397 3915  920 1255 1827 1757 3808 3957  616 1481 4151  686  900   48 3538  965 2206 4543 3665 2589 3571 1491 2216 3210 2860 4385 2433
 3735  746 2762 4833   39 2004  484 3231 1900 1784 3839 3622   49 2273 2366  641  804    2 3163  807 2977 1344 1838 4597 2291 4582 2293 1876 4825  668 4583 3814 3257  605 3324  910  985 1033 1978 4703 3251 2876 4505 3921 1453 4107 2375  171 2392  766 2780 3252 2753 1618 1996 3673 4587 1823 4797 2579 3470 1331  423 4882 3397  570 1333 3005 3843 2039
 2569 4773 2684 4137 4723 3014 1176 2471  414 3908  837 4307 4491   85 3175 1271 2353 3614  284 3832 2171  694 2690  163 3796 1488  384 1926 3551 4293 4229 1525 4823 1304 1401 1409 3678  120 4081 1118 4798 2123 2718 2772 1279  799 1343 3041 1880  838 1364 1914 2285 2081 1736 2500 3141 2472 4154 1449 2298 3675 1097 4530 3928 2178  549 4219 4549  863
 2483   87 4636 2460 1747 1131  492 2856 3122 2616 3546  190 3846 2878 4148 1257 2612 2806 1708  281 4599  319 2290 2355 4781  885 1098 4400 2601 4629  516 1802 3016 2717  635 3320 1006 1089 4771 4025 3682 2261 4536 1015 3918 4474 1139  501 1986  545  424 4259 3074 1557 2953 3357 4246 2347 3836 3547   23 2488 2183 2615 4207  288 2773 1835 3552 2158
 2585 3550  139 4471 4013 4738 2513 3717 3390 3144  521 4898 2523  174 1099 4341 2292 2056 4348  286  370  517 4153 1035  657 3716 1571  311 1471  829 1594 4450 3426 4217 1238 4870 1820 3947 1275 4524  741 4637 3748 2574  396 1688 4753 3765 2209  645 2356 4345 2373 1576 2191 1431  707 1749  643 3709 2207 2808 3000 3733 1505 3472 1593 1600 2422 2170
 1690 4673 2989  257 3166  427 1683 1354 3282 4884 3920 1467 2583 2837 3109 1028 2561  365 1668 2600 3940 1135 4162 2494 2005  842  977  734 4124 3985 3580 3309 3484  637 4654 2208 3684 1740  576 2841 2853 2598 3628 3751 2091 4489 1734 2330  145 3666 4239 2596 3913 3899 1879 1160 2730 4125 2638  367 1748  471 1096 1386 3414 1419  881 3949 3608 1078
  408 4337  932  696 3837 2315   82  667 4817 1540 3139 3149 1733 2002 2868 4050 2557 1567 4190 3586 3704 2539 3305 3361 4757 1681  292  800 2357  803 3680 1623 1995 2040 2525 1052 1966 3954 4009 1761 3738 3073 3431 2370 2682 1396 4001 4470  772 1410  265  889 2341 2770  692 1778 1020 4563  751 4393  988 3800 3159 3339 1769 3190 3362 4858 2396 1193
 1767 4661 3363 1645 1584 3267  654 1137 2041  403 2895 3813 3366 4483 2266 2470 3609 4371 1434 3598 1531 1165 4273  971  594 1094 3118 2148  253  488 4120 1441 1861 2477 4573 4113 2784 3975  982 2697 2665 4373 3849 4566 3570  973 1636 3835 1303 1252  843 3629 4633  287 2321  289 2497  154 4138 2961  218 1025 4433 3143 4324 1665 4423  338 3782  925
 1552 3934 3436 4183 1159 3471 3776 2852 1628 1942 4051 2875 4017 3889 1116 2870 1842 1515 1581 3191 3903 4320 4331  482 2013 1323  150 2706  229 1037  966 2673 1629 2685 1548 1729 3931 3603 4667  805 2807 2652 2284 4496  496 4589  826  458 3072  858 2902 2382 3886   83 1195 3198 1201  811 4361 1705  663 3348 3427 1520 2907 4873 4360 4809  269 1487
 2781  518 3873 3811 4349  431   95 3335 1793 4114 3119 1519 4238 1631 1916 1016 2259 2371 1528  967  720  487  794  745 4329 2146 4503 1429 3154 3209  250 4308 4057 1882 2805 3011  237 2304 3983 4077 4584  141 4585 1703 4841 3128 2464 3997 2923 2962 1320 4188  665  260 2320 2761 4780 3633 4160 1500 4395 4027 1319   40 2944  181 1790 1071 1722 3037
 1140  540  833 2904 2006 2677 1326 1387 4446 4203 2258 3030 2581  443 2946 4038 4463 2659 4073 2401 2186 2818 4495  539 2857 2985  790 1266  880 4547 1018 4132 2823 4234 2896 3861  955 1545 4265  589 3430  873 1347 1774 2729 4672  898 4508 4061  703 1155  547 3892 2282 3460  225 2092 2704 4899  742 4367  934 2372 3173 1146 1867 1305 1724 4527 3092
 1630 3512 3986 1535 3641 1589 4687 3658 1787 2348  453 2925 1241 2501  638 1831 3489  362 2152  313  770 2245 4844 2694 3368 3634 3933 1229 1643 2779   37 4649 4164 2922 1770  908 4039  725 2307 3831  375 4831  649 1237 3250   17 1000 3142 2410 2971 4871 4447  541 3519 2299 4459 1192  950 2390 2492 3442 3656 2640  127 3440 2199   63 3758 3677 4722
 4729 1002 2107 4698   20  891 2306 2980  499 3729 3394  439 3744 4158 2982 3991 1556 2756 3354  505 3289  972  674 2997 3990 3018 1124 3942 4297 3524 4596 1956 4159 3561 1780 2449  690  234 2143 1223 3044 3999 1504 1742 3935 3842 2054 3165 2035  602 2064 2253 1172 2981  940  371 2518 2774 1330 4586 2945 2165 1403 2192 4488 3042 4666 1029  552 1684
 1635 2442 4815 1949 1979  115 4772  157  356 2947  678   76 2593 2959 3775  723 1397  435 4020 3405 4074 4760 3518 4372 1268 2776 4417 3176 2085 1872  763 3714   73  510  724 3572 3303 3464  640 1839 3898  432 3932  598  991 3033 4404   59 2547 1415  306 4522 1610 2917 4056 4335 4021 3492 4244 3225 1059 2302 1200 3170 4381 1508 4430 2409 3523 1368
   32  939 2993 1207 3611 1407 1062  664 1509  916  938 3916 4165 3637 1709 3066 2851  404 1087 3370 4490 4249 4277 2141 2675  793 4466 3107 2575 1473 2811 2100  944  109 2617 1523 1846 3587  388 4141 1454 3577 4150 1896 4786 1775 3862 4754 2309 2467 2246 1952   93 4865 2016 3288 1180 1389 2820 1999 2631 4379 2744 4745 2017 3806 4284 2059 1941  256
 1650 4675 1149 3541 2363  133 2924 4227 2279 4438 3220 4506 2112 1658 4854 3905 3091 1121 2507 3401 4574  364 1994 2714 2775 3218 2198 3891 1144 1694 3103 1058  848 1398  101  124 1012  385 1493  278 4192 4222 1366   24 2900 1262  173  592 4143 1773 4611 3207 1208 2087 2322 2031 4319 4261 2167 3501 3482 2990 4794 3659 1957 4705 1715 3304  771 1677
 4686 2676 1250 2340  911 1811 4476 3100 4537  376 4499 4300 1164 3850 2399 1106 4288 1950  827 4692 1070  533 1642 3347  409 1393  179 3062  469 1599 4263 1023 2161 2113 1300 4346 4086 3723  129 3183 2661 2630 3707 2751 2412 1103 1276  153 4601 1633 1184 4036 2641 3010 3286 4484  113 2418 4678  798 1380 4201 1109 4533 1968 4106 1768 2365 3082 2180
 4643 1465 1370 1225 1258 4674 3978 2882 3075 2865 3869 1489 3536 4631 2241 1818 3545 4548  729 4880  428 1711 1875 3312 4814  942 1993 1361 4622 4855 1422 2135 4018 2987    9  325  780 3984 2088  740 4283  350 3137 3871 3078 1857  591  407 3655 2104  332 2102 3088 3635 1829 3526 3261 2457  524 2251  812 1301 4708 1981  901  587 3595 3817 1928 2445
  915  333 1906  924  633 1236 4220 3919 4147 1865 1878 1587 3879  444 3136 4454 4247 4032 1284 1046 1714 1620 1499 1498 1590 3386 2678 2508 1150  767 4170  604 1110 4578  588 4612 4494 1196 4550 3736 2434 4194  344 4343 2036 3833 4046 2701  912 4301  315 4144 3168 1547 2843 4352 2458 1502  504 3270 2542  691 4788 2533  360 2427 1243 1318 3574 4679
 3374  787 3901 2897  134  860 3590  222 3420 1411 3630 1807 3441 4835 3681 3301 3306 2089 2984 2244 4243 2695 2052 4305 1003 4212   42 1967 1723 4443 1064 1830 3694 4411 2142 3671 2391 4083  961  717 4735 1922  460 2345  721 1474 3255 2247  226 2466 3125 1849 1472 4257 3874 4230   27 3221  232  276  165 4210 3888 4389  739 2232 4789    6 3925 1215
 2001 1406 4648 4602 3054 1226 2758 3882 2778  426 2325 2042 3365 3360 2830 3038 3786 3731 2899  906  608 2710 2614 4768 2200  593 4592 3718  962  138  813 1051 2439 3171 4743 4465 3627 1903 2387  680 4762  523  856  246 1141  776 4840 1965 2336 1845 1530  656 2787 2903 4254 4139 1564 4358  970 3367 4193 1977  708 1836 2898 1283 2080 1514 4024 1959
 3148 1090 2516 2972 4342 4015  704 3838 2565 3345 2760 1034 2551 1560 1405    5 2332 2342 3155 3865 2657 3453 4272 3200 2994 2570 3195 1976 4838  788 3162 2745 3820 1669 2386 4058 1126 1413 1101 1490 4588 3840 4184 2385  845 1230 1990 3279 1863  648  204 1170 4784 3101 3084 1248 3448 1676  890 4101  947 4492 2388  710 3378  196 3475 4594  310   30
 4712 2034  309 4897 2619 2305 2974  550 4409 4185  386 3099 4286 4473 1076 4650 1816 2909  486 2660  304 2595 2869 2334 1286 1217  564 3108 3683  450 1178 2635 1539 2815 4542 2720 2935   67 4006 1375 1378 4357 3298 2119 4866 3283 1904 2172 3318 2151 4258 3605 3391 4518 3240 1659  185  949 1997 1689 4546  512 3117 2242 1795 1569  147  630 1127 4456
  213    8 3596  621 1239 4053 3265 4482 2441 1533 1592 1813 1274 1280 2937 2129 1462   11 3111 3531   55 3046 1021 3027 4040 1606 2432  445  307 3988 4426  463  579 3858 4264 2381  716 2136 2231 2791 3543 1423 2268 4327 2452 4535 3943 4619 4822 1233 4774 2463 2014 3008 4469 2771 2796 1632 4808 3972 3138 1317 1675  490 3606 1357 4048 2726 2683  220
  197 4695 2548  480 2503 3516 4173 3013 1290 2556 3180 2419 3922 2649 3406  366 1214 2074 1457 2252 3672 4613  670 1864 1281  820 3025 1402 2599 4605 1850 1897 3308 2879 1955 2522 3238 1228 2133 4232 1182 3356 4100 4593   36 3383 4509 2163 1686 2626 4560 3822 2343 2973 3256 1706 3230  342 1655 1753 1166 2008  958 1558 3912  430  478 4670 2063 3315
 1848 3778 2646 2189 4014 2076 1008 3815 3340 2502 2349 1198  623 4819  761 1494 2297  391 4756 3477   31 4727 4442 2769 3023   79 3500 4634 1102 1687 1335 1511 3120 2050 4662  221 3602 3291 1549 4644  917  448 1222 4724 3504  659  152 2116 2927 2156 3556  712 3096 3236  998 1800 3721  597 3429 4031 4276  563 1561 4422 3973 3791 2877   26 2413 2272
  535 4279 2159  683 4569 3535 2499 3585 1212 1183 3599 3777 3403 2608 3293 3769 3048  244 3006 1960 1147 2147 4621 1390 3009 2491 4177  277 1595 3061  544 1162 1156 4242  779  672 1553  318 4552 2153 1585 3280  352 4710  601 4559 3703 1205 3269 3449 1350  810 2459 4806 1522  394 4777 3095 3146 2214 2965 3941 2103 1663 2564  230 2311 3847 1788 4845
  879 3542   91 3604  595 1013 1698 2058 1086  119  895 3425  979 4653 4652 2238 3415 1108 3459   47 3490 3851 1107 3102 2752 3746 4795 4209  931 4751 2828 4701 1448  169 1173 2886 4333   51 3650 1019 2407 1014  975  644 2187 4069 4744 3626  821 1298 2978  695 1607 4028 3829 4047 4502 2344 2949 1796 4396 1888 3299 1424 1039 4390 1566  963 4455 3007
  290 1203  574 2792 2398 2228 3205 3443 1737 1974 3034  149 2544 3974   22 2555 1054  956 3452 4186 2436 3050  701 1043 1691 3189 3544 3826 4568  859 3087 2881 4187 1899 2880  733 4625 4889 2968 3296 4291  160 3816 4500 1114 4886 1766  747   64 4004 1190 2883 2173    7  769 4268 2834  343 3779 4801 2970 1777  847 3581 4431 3106  491 1786 2538 3491
 3227 1954 2582 3076 2288 3028 2164 2735 1603 4432 4827 4266 1436  735 1095   14 4340 3208  110  298 1760 4213 3351 2983  123 1112 2889 1067  987 4767 4671 2795 3281 4063 3130  624  168  121 3970 4323 1461 1027 3859 4737 1858 4334 1310 3323 1911 1544 2885 3582  714 2044 1134 4571 4218 3971 1322 2906 4126 1270  836 4010 2414 2975  166 1612  556 3043
 3428 3329 1400 1142   77 3881 3052 3494 2188 4080 2072 2622 2478  679 3565 3474 1433 1512 4874 4824 1430 4853  689 2243  909 2783 4098 3876 1443 1679 2894 3825 3857 1442 4419 1342 4820  926 1040  279 3906 4202  980 1351 1356  473 3868 4410 2537 4179 2140  470 1517 2084 1791 3724 3890 1973  581 3295 4289  929 3327 2329  293  543 1464 2618 1425 3140