 1189 1408 4336 1794 3668 4156 1741  660 2386 2806 1734 1109 3158  583 3197 4292 3036 3314  101 4225 2216 1614 5025 1232 4997 1300 1231  479 4628 2362 1342 4516 1018 4841 1495 2836 4616 4235 4391 3841 3337 2554 2781 1600   90  862 1193   88  222 3447 4030 1020 2691 3121 2522 4776 4109 4387 3206 4129 1596  927 2055 1742 3809 2957  725 2878   49  882 4098
 4074 1383  541 3169  931  210 3485 1294 3558   66 3187 3705  533 4157 4567 3022 1237 2335 4880 2211  230 4993  438 2426 1243 3621  694 2013 4746 3162 4450 2289  128 1526 2086 3155 2971 2067 2173 4868 1369 2620 3122 4141 1515 2198 2203 4018 3291 2187 2387 1304 4394  721  485  708  268 4226 2087 4149 4432  126 2395 1275 2840 3486 1979 3706 4227 4998 4310
  419  412 4530 3901 4058 4368 2140  458 1238 1142 4484 1706 1929 2627  837 4351 4032 4974  774    6 4048  623 3814 1183  293 3244 4801 1869 2576 4191 3490 2467 4042 4639  579  851  577 4779 2777 2428   28 3061 2534 4809 2850 1015 2920  807 1669 3434 4467 3811 3236 3113  343 2874 4082 4536 1520 2933   46 4177 2759  497 4877 4627  543 3591  431 1525  219
 2398 4167 4986 3930 3696 4474 2167 3349 1951 1603 3350 2528 1062 3462 3889 4831 3791 1637  706  605 1895 1759 4256 3167 3048 1003  157 1128 4558  685 3587 1474 3606 2025 4138 1170 4475 1283 3798 1934 3992  815 3454 1210 5015  229  744 1001  254 3491 4344 1687 1454  111  711 2800  112 1682 1197 3786  888 3273  212 4854 3507 4879 3804 3497 2686 4372 1202
 3421  835 4325 1180 2471 3966 2416 2269 2352 4688 3259 1684 2726 3151  190 4253  176  700 4750 1107 1405 1551  335 4050  503  572  790 4619 3327 2484 4923  433 4856  163 2750 4327 2235 1723 2171 3512 1209 1118 3160  340 1508 2259 3164  720 1765 2003 5031 4665 1488 4794  168  673 2324 4675 4503 4176  215 4768 4453 3110 3555 2714  810 1597 3922 4984 2472
   73  420  348 3257 4715 2745 2306 3845 2879 1370 3996 2877   50 2298  722 2439 1963 3758  166 1947 3023 2272  534 2913 2248 4641 1662 3692 1555 3241 1423 1534 1796 4446 2921 2215 2470 2200 4787 3897 3191 2827 3230  556 3240 1811 4293  110 2931 4065 4288  788 1424 1984 4661 2637 3452 2373  151 3133  327 2757 2404 4461 3154 4209 2656 2346 3729 2950 3209
 4777 1338 4121 3931 3047  613  315 1167  799 4383 4865 3189  224 3398 2205 2885  115 2542 3680 3795 4142 3029 2988 2773 3995 3710 1918 2466 4479  476 1587 3249 2019 5009 3416  195 2897 4473 1783  156 4980 3040 1151 3765 1960 1063  150 3695 1594  903 5016  347  719 4846 2234 3157 2802  448  676 4680 3376 3751  775  530 1179 2965 3882 4592 4420   95   51
 2834 2706 4301 1946 1983 2607 2996 2084 3335 2317 1032 2614 1430 1278 3800 1566 1989 2155  557 4686 2539 2938 4869 4812  299  698 3117 2097 2401 1801 4636 2659 4464  411 1280 3667 2361 3043 1510  171  107 3762 3674  278 4633 1865 3981 4095  120 4492  217 4876  345 3301 3013 2133 1289 1699 1466 3503 3192 3773 4482 2180 4330  352 4212 2917 1613 2337 2765
 2655 4561 2034 2811  158 4414 1190  135 4885 4784 4104 3504 3246 2418 2961 2507 1718 4181 3478  873  726 3570 4000   64 4152 2929 5020  432  368 2980 2268 1017  600 1913 4480  363 2007 2359 2081 1346 4502 3082 4684  263 3338 1501 2293 1355 4687  531  693 2338 1302 3406 2563 4179 1320 3870 1887  585 4137 3067 2415 1457 2623 1499 4571 3307 1098 2870 4276
 4862 1262  524 5032 1880  768  289 1314 4417 3420  776 2529 1575 2692  179 1468 4266 1923  388 4079 2999 2459 2819 4816 1874  169 2031 2775 1044 2029 2184 3199 2489 1050 4904 4487  832 1523 2047 4897 4978 4676  943  793 1330 2709   92 4282 4338 1630 4789 3970 4055 1332 1899 3200 4902 2958  395 1903 1487 3825 5037  960 2566 3315 1712 1253 4102 3520 1770
 3660 4911  657 2683 1804  439 1158 1096 1411 3610  499 1312 4927   15  731 3580 1012 2725  589 1776 1205  372   57 3195 1740 3993 4523 4744 1840 2483  875 3146 2872 3903 3698 4448 4995  540 1273 4093 3347 4642 3565 3132 3661 4602  175 1536 2975 4803 2934 1168 1715 3595 4178 4056 2861 4008 1563 1414 4051   61 2794  689 2831  826 3075  415 3488 4037 4204
 1774 4451 3262 2108 1926  818 3607 3866 2601 4267   12 3268 3643 1177  841 3905 1467  828 2967 1680 3211 4299 4797 3596  103 3384 3628 3615 3018 1368 2360 2591 2257 3604 3571 1377 4905   21 1269 2735 3810 3768  401 2485 1322 3536  220  760 1445 3382  983 3390 1622 3288 1076 2419 2638 2973 4307 4674 1103 3001 2121 4234 3386 2340 1380 4788 2541 1336   85
 4556 2049 2465 1537  874 4187 5024 2597 1353 1696 2134 2905 3803 1005 2451 1838  640 1867 2068 4954 3016  838 1671 1672 4318  574 4648 3622  949 3708  688 2282 2815 1009 2688 2628 3609 4228 4501  909 4259  207 2186  804 3717 4184 4107 4515  122 2552 1935 3649 4716 3638 3679 1135  566 3322 2968  724   65  435 3831   56   86 3904 2117 1200 5018 4705 4213
 3612  634  745 2866 4754  867 3775  385 2494 1325  956 4442 3861  915 2486 1444 3172 3328 1132 1306 3499  672 3068  406 4735 4249   40 3983 4147 4489 1791 3392 4434 2000 4439  379  985 3086 3124 2399 2894 1660 2698 4888 3884 1856 2743 3960 2040  296 2661 4660 4112 3566 2370  759 1449 1835 1347 2842 3508 1943 1553  336 2646 2635  894 3455 2778 4566 2341
 2854 2461  434 1224 1026  250 1087 4291 3855 3205 2589 1067 4707 5019 1043  647 4798 3480 2385 3112 3212 2791 2995 1211 4582 4517 3789 1064 3411   83    7 2701 2430 2447 2822 1653  231 3404 4424 2292  206 3194 3456 3910 3867 3190  602 3542 4252  525 3423 1326  178 2766  571 3627 4317 3099 3108 1035 1724 4919 3059 4423 1851 1082 2320 2481 3760  911 2667
 2253 1826 2014 2509 2204 3648 3676 2150 4315 2092 2249 2867  770  422 2182 4335  740 1403  831 4144 4894 1980 2761 3366 4724 3457 1667 1604 2707 2102 2409 2922 2241 4047  233 1160 2626  362  995 3317 3719 4550 4521 2001 3584 4381 4231 1701 3184 1872 1164 1941 1435 3915 2741 1540 1478  470 2425  588 1530 4113 1790 4962 1016 1398 3269  307 3364 4774 4823
 4949  370 3631 4201 2936  615 2218  961 3551 2672 1206 4957  808  396 4002 2065   70 4080 1172  134 4844 4250 1345 4576 4456  493 4941 2165 1156 1884 2229 1533 2795 2009 4333  521 1220 2374 4713 2143 4087  326 2329 4045 1847 1719 4625 3134 1133 4243 4194 4732  564 2733 1148 2859 4701 2689  338 2717  466 3472 2115 2561 2501  552 4504 2704  906 1436 4637
 4659 4893  852 3534 3248  663 5036 3691 2002   24  845  444 4667  870  121 1081 3405 4720 2694 2604 1492 4289 4247 2586 3699 3932  428 4207 3263   36 1850 3713 4103 2560  387 4284 1514 1141  651 3973  923 4655 4730 1333 4105 3921 2105 3102  621 4273  992 2403  523 1722 4396 2290 2422 1595    4 3943 4689 4110 1493 1966  626 2074  732 2616 3129 3849 1241
 2884 3740   52 3968 4408 2998 2674 2970 2376 1992 4210 4693 3640 1021 4339 4552 4738 4708 4890  898 3159 4595 1296 3012  320  746 3917 2275 4445   19  304 2322 4200 4540 3286 1011  666 3258 3583 1632 4622 2793 2464  914 2375 3304  547 4294   42   20 4822   16 4006  313 1854 3105 2812 2782 1885 4173 1146  599 2731 3829 1749  196 3463 1556 1366  303  573
 3593 1470 2080  266 3544 3753 3835 2421 4736 2353 5038 1836  238 3183 3281  920  544  902  643 3483 1381 2598 1901 2993 4462 3367 4441 4246 1328 4767 2525 4357 3436  192 2580 1967 2702 1437 3033 1339 4192  283 2012 3784 4046  182 3176 3844 2296 2700 4388 3984  364 3041 1739 2281 3888 4593 3331 3716   84  504  424 3482 3020 3179 1023  131  951 4824  358
 2994  617 3229 1460  298 2263  290 3145 2495  919  742 3683 1150 4991 3084  282 2821 4770 4411 3419 1583 2571  537 1458  199 3495 3799 3260 4106 4658 1647 1571 3065  454 3024   91 4917 4757 4836 2188 2064  180  117 2238   89 3271 3909 1529 1584 4151 1674 2876 3149 1714 1755 2158 3686  853 3755 1256 4903 4268 3956 2264 4073   55 1609 4418 2590 4921 4647
 3399 3475 2657 4811 2719 1315 3869 2538  246 5000 3373 1481 4597   53 2270 3793 3032   77  576 3559 4679 3860  819 1915 2116 2663 2045 2678  185 3942  578 4760 3759  483 2716 1578  658 1317  825  273 3601 4605 4979 3576   27 3689 3906 4507 3749 1066 1925 1030 2156  597 2941 1900 4837 3341   47 1623 3518 2050 4610 4321 3028 1425 3492   78 1344 2953 3381
  270 1250 2740  727 4510 3712 1307 1443 3600 3359 3736 3982 1818 2032 3019  106  861  495 1203  964 1639 4132  642 1279  132 2431 2462 2737 5027 3168 3914 1795 4626 3378 1786 2414 1391 2021 2349 4160 1987 2345 3563 2500 2469  649 2969 1863 1944 1659  142 4790 3847 2562 4415  691 4216 1376 4673 4386 1655 3498 4712 4584 4775 3537 2677 2682  302 2388 2518
 1558 4821 3078 2514 1029 3403  630 4466 4981 3397 3044 3873 4407 1463 2330  549 2023  978 4907 4807   80  699  237 4827  929 2491 1379 2011 3561 3305 2788 2948 2037 1938 4886 3976  104 1627 2448 2015 3823  209 2492 2581 3049 2458 4871 1978 1072  991 4011 1048 3864 2972 2547 1472 4771 2061 1371 1295 4377 2736 1750 1927 4782 2342 2685 3522  487 1617 1286
 1386 4162 1756 2300 3792 3838 2699 3425 1182 4499 4764  148  994 2946 3629 3210 1531 5040 2082 1329  901 2237 4727 3222 4631 2262 4024 1214 2260 4363 4033 3962 3928 2246  516  653 3863 4702 1831 2207  520  567 1709 1255 2555 1782 2512 1883 1077  232  258 3672 2986  601 2020 1917 1390  548  989 3207 4672 2546  603 4614 1285 2926 3283 3868 3361 4990 2669
 1447 2727 1548  977  565 3694 3929 2665 1486 1362 2223  830 4067 3285 2641 2940 4096 4598 4651 4283 2666 4963 2452  514 1471  636  141 3009  665 4860 3900 4590 2434 4478 4359 3839 1123 4756 1212 2535 4161 4457  281 3008 1778 2069 3093  580 2079  200  805 3572 1552 3221 2450 3539 1760  505 1088  970 2294 2460 2390 1301 3163 4041 4215 4038 2875  481 1948
  339 2250 1916 4265  703  305 3232 2005 1996 4257 1504 3588 4852 1726 1363 2343 2982 3776 4311 1545  687 2578 1216 3466  155   58 4263  455 1270 1608 1886 1773  353 1000 3424  475 1343 4287 3077  840  337 2318 4127 2720 1479 4547 3948 2799 3103 4678 3234 4039  492 2233 4565 4290 4014 3228 1993 1221 1440 4452 1217 4373 4938 4607 3239 3578 3181  827 4302
 4528 2679  440 4541 4324 4654 4526 2567 4217 3441 1140 2983 1823 4910 1631 4646 4643 3045  886 4413  561 1059 4585 3141 1384 4389 1505 1124  587 1308 3342 4650 2256  500  670 3363 3439 2136  935 1784    9 1543 4029 2632   67  889 2043 2612  596 3196 2625 4349 2328  594 2816  764 2843 2277 2585 1053 4241  787 3892 1350 4309 2814 2833 4180 3752  456 1772
 5001 1849 2530  608 3104 3126 3345 4371 4718 2928 2271 1162  696 1800 4350 1509 4075 1789 2848   25 3256 4882 2206 4891 2315 3130 1879 4343 1693 2498 2910 4251 3180 2784 1829 2424 3500  167  143 3725 2780  226 2210 3449 3467 3525 3652 1364 1022 1083 2109 1974 4495 1311 4143   63 3549 1234 2008 1418 4634 3027 1395  555  999 1598 2989 3352 2183 2010 3056
  441  509 4966 1685 3741 2214 4497 2978 3923   44 2891 3865 1664 4049 1753 1176 3797 2951 2174   68 1568 2629  259 3514 3644 3557  714 2504 2892  987 2984 1569  584 3935 4694  277 4429 1788 3292 2904  399 3265 3034 2222 3950 4848  997 4399 4833  998  234 3732 1426 1321 3540 3562 4275 1988 2639  471 2713 2412 3428 1188 2564 4052 4780  741 1367 3177 2326
 1683 4839 4468  816 1404  896 1149 3594 3060 4341  502 4624 4248 1678 3002  847  570  501 2770 1761  611 1995 3833   17 4159 3037 4873 4968 4611 3204 4942  789 4365 2194 4491 3747 3426  430  624  292 3608  863 2239 4034 4532 3650  856 2684 5014   69 3182 1204 3282 2583  539 1561 3294 1713  318 1318 3021 3213  342 2255 1357 4220 3365  820 4796 1621 4077
  532 2559 4711 4663  734 4742 1833 1762 4320 2160 2783 2038 4878  771 2829  462  133 4131 2350  938 3952 4300 2841  986 1827 3063 4060 2476 3533  491  165 1997 3445 1629 1041  295 1573  389  932 3270 3267 2312 4575  796 4670  836 4437 4382 4433 2053 4734 1511 1223 3185 4455 1192 3250 4795 3227 3528 4395 1226 3216 5002 1694 4348  955 1704  550  993  453
 2810 4454 2937 4753 3843 4401 2286 3991 2144 3152 1642 1503 3433 4353 4360 3025 4934 2966  256 2225 1661 1316 4588 4021 3264 3934 4513 1489 1126  558 2178  635 1092   81 2059  755 3832 1976 1814 1727 2244 3465 2924  762  225 1215  267 2805 1442 4238 2708  300 4040 1846 3042 1319 4861 3938 2887 4799 1937 1084 3295 1747 4783 4068 1538 1159  829 1264 1873
 3354 2321 3581 1757 2279 4471 1542 2634 2396 3919 1686 3153  478 1586 4834 2348 1962 3718 4944 1939 4793 4729 2347 2721 3862 2227 2423 3470  513 1259 1045  216 1245 2540  403 3300 2956 1798 4380  671 4470 4581 1810  261  562 4094 2107 1105 2044 4666 2406 3767  878 1961 1708  972 1618  980 4820 1219 3252 3427 3817 2680 1421 4922 4150 1173 1047  322 4951
 1313 4100 1324 2828 1877 3939 3994 4322 3731 1417 4221 1152 4232 3377 3554 1764 2785 1780 3579 3254 3297 4889 1309 3374 3635 1950 1624 4202   18 4054 4398 3332 3072 2660  748  409  849 4577  900 4936 3346  161 1290 1448 2164 1670 2499 1711  944 1075 1441 2524 2397 2864 1560 4496 2030 4992 1857  390 4913  446 3509 1432 2551 2985  100 4569 1335 2767  749
 2818 1090 1728 2138  797  280 2334 2981 2017 2900 2523  189 1010 1620  351 2751 2151 4122 1242  801 1975  309 2908  733 1464 4329 2776  704 4355 1354 2496 2960 2895 3850 3312 2475 2755 1891 3303 1871 2230 3666 4306 4004 4937 3714 1914 1394 3251  659 1099 1981 3663 2611 1998 4864 2142 2191 4806 4197 3071 3468 4500 1959 4940 4120 2511 4505  488  701 4543
 4218 4185   48 3372 1422 1459  674 3125  202  782 2066 3278 1844 3913 4853 1267 1108 1112 2420  650 3971 2369   94 1707 2543 4857 4340 2532 3275  473 2344 3611 1513   96 3326 3896 4064 3400 2371 3726 1485  641 3722 2718 2254 1310  912  272 1593 2739 3277 4449 4578 2703 1650 4948 2336 2258 1564 4664 3202 3647 2367 3916 2925 4976 4721  803  518 4419  918
  437 4397  718 2278  627 1703 4808 3582 2643  880  130 3738 2372 4649 4851 4883 1438  713 2715 2051 3986  632 3329 3069 2228 2274 3951 2517 4973 3215 1195 4119 3965  391  968 1496 4912 4977 1052 2901   11 3175  598  512  952 3358 2018 4211 2135 3318 2690 4870 3477 3963 4943 3448 3156 1378 4071  933  879  123 5034 4269 1125 2914  402  697  942 1768 1858
 1676 1793 1691 3320 3743  872 3274 2545  109 1744 4759  864 2893 3225 4939 4589 1061 4154  899 2339 4755  173 3515 4562 3821 1860 3681 1721 3371 2004 3602 1416 4947 4422 1738 4364 1246  860 3014 4955 2889 1056 1936  954 1673 4918 4818 1585  144  247 4092  102  656   98  965 4657  751 1828 3453 4465 3556  496 2170 3641 2299 3138 3142  735 2379 4245 1387
 1601 1651 1813 1102 4967 1644  517 3442 1839 4644  814 3111 3010 2724 2130 1130 2603  191  376 3813 4601 1191 2392 4254 5005 4303   41 3779 3969  248 1909 2287 2213 4840 1360 1842 3953 2283 2615 3235 4062 1166 1645 2705 2992 1260 4514 3459  855 4594 2192 4859 1767 3961 1881 1940 3720  311 3471 2939 4908 2122 3519  392 3091 3203  781 1434 1351 1093 3362
 4533 2756 3744 3109 4838 4428 1272 4081  865  619 2297 4761 1033 1008  941 4222 1643 3820 2857 2549 1675 4733 3415  857  953 4023  139 4172  936 4334  146 4529  528 3076  934 1451 4183   14 2976 2574 2883 3675  881 3653 4083 1327 1931 2907  118  223 3370  519 2838 4005 2311 4946  904  784 3473  249 2813 4855 1516 4435  939 1612 5023 4370 2527 1855 2942
  747 2573 3783 1385 3853 4518 3135 3137 3836 3238   72  484  677 2179 2613 3659 3721 3902 3474 4369 4195 2497 4535 3430 1073 3815 1820  690 4772  373 3058 1375 2033 4579 4361 4015 4483 2035 1074 3585 1905 4061 1091 4260  858  618 4013  859 1663 3280 3489 2078 3802 4813 1506  786   33 3284  916 3977  568 1636 1006 3876 1038  522 2247 2457 2220 1611 1365
 2888 4393 2280 1896 3422  582 4656  365 1977 1163 1953 4430 2305 3745 3837  542 3529 1446 4358 1122 1129 1590 4987 4906 4932 1898  668 3389 2977 1758 1261 1287  418 3494 1567 4692 3296 2052 2668 3724  779 4815 3618 2314 2579 4193 3801 1413 4224 3577 2868 1541 3143 1698 2918  149 3308 3214 1792 1086  984 2804 1532 4400  354 1565  990 1089 2076 4059 2526
 4843 1100 4223 1349  850 1484 4522 1562 1657  545 4026 1577 4929 1401 1348 2991 1213 4485 4982 4158 4019  321  963 2592 1462  324 3573  756 1656 2595  160  962 1002 4835 5021 4618 1557 4440 3479  737 3568 2185   29 1207  346 2807 3911   76 3481 4545 3908 3410 4133 1602  812 2088 3408 2366 4323 4703 1452 2789 3819  287 2240  717 4600 2572 3074 3748 2468
  581 3940 2410 2593 2091 3310 1331 2619 2163 3871 2382 2301 4969 2243 3116   37 4459 2959  791 3090 2172 3941 1605 2630  260  526  710 1522   38 3015 3670 2945 3115 1973 4884 4279  655 2830 3854 4331  427 4671 3827  383 4555  593  750 3875 4814  486  386 3081 3313 2618 1999 2544 3734  645 3506 1136 3985 3967 4345 2129 3682 1263 1777 3872  633 4950  834
  739 4116  490  332 3785 1717 1334 2550 4405 2919 2313 3385 4262 4928  907 1554 3547 1228 4989 4166 2453 4089 2095 2303 3218 3846 2402 3005 3119 4762  538  822  174  408   35 4115 3224  253 2744 1870 3368 2835 4458 1057 3651 3242 3511 4472 4881 4842 2058 1291 3293 3898 1921 1910 1544 2671 2648  866 3890  811  381 3826 1014    8  275 1746 3031 2442 4009
  308  344 1957 1890 1626 1549 4057 4438 2947 4847 2587 4007 1323 4898 4016 1588 3980  477 4858 1769  279 3097 1665 2650 2582 3538 4731 3353  559 4778  648  766 4362 3487 2762  979 2797 2070 3501 4740 2664 4165 2693 4145 1763 1648 1233 1199 1229  928 1247  940 4066 4416 5010 2652 1610 4758 1257 1731  924 1805 1060  728 2823 2644 2606  913 3999 1127 4198
 3616 1235 2676 3220 3685 3770 4508 1576 1512 2266  973 2166 4769 2935 2871 4591  119  240 4379 2057 1031 2046  269  377 2327 4956 3780 1911 3407  794  729 4001 3703   13 4586 3828 4972 3750 3575 2493  188 4175 1284 4909  917  297  468 1271 3325 3998  239  153 1720  607 2658  413 1039 4704  895 3603 3808 5029  767 2463 3552 2123 4608 2825 3834 2454 4953
 1802 3393  442 2474  285 1101 1201 4668 3671 1607 4520  508 2016 2146 4130 1393 2886 4695 1419 3816 2738 1388 3673 1652  946 4850 2824  639 4312 4406 3395 3165 3505  257 4053 4916 1490 3766  214 4615 2599 1068  393 3664 1985 4352 2048  854 3891 2202 4867  723 3460 1085 4551 2221 1625  563 3757 2520 3055 4706  646  482  743 2869 1882 2273 3630 2651 2649
 3101  682 3302 1785 1817 1222 1494 2125  262 3106 2181 2358 4560 4539 2673 3092  384 3937 2090 2232 4020 3895   32 1547 3899 1638  529 1942 4961 3530 5007 3988 1897 4737  996 2749  211 2505  105 1751 2912 3546  591  235 4229 3375 4596 4205 5013 3702 1806 2432 1924 1862 1681 1845 4139  684 4374 1181 2896  546 1244 4935  113  469 2849 2899 3170 4469 4188
  612 2126 2196 2161 3429 2488  848 3920 3933 4236 2930  333  644 2853 1579 3064 1832  616 3272 3243 3858 2605 3383 3233 1004 3812 4810 2162 5030 1697 4328 1251 3918 5011 1677 1743  319  450 1848 2060 3842  905  460 4751 3754 3787 3949 1986  772 2137 4792 1412 3000 1382 2413 4572 4163  798 3599  969 4219  937 2537 3567   60 3979  177 2808 1415  535 4800
 2687 2285 3879  251 3432 1288 3636 3396 3851  654    3 2073  201  908 2600 1668 3830 1748 4925 3624 3443  394 4802 4086 2456 1258 1040 4481 2024 4975 1824 1822 1580 2513 2742 3927 1115  705 2190 3114 3323 2381 3774 4999 2786 1097  510 3026 3945 4726 4208 1971 2042 3380 2569 3912  243 3742  586 4118  869 1906  609 3761  971 2438 2990 4623 2355 1968 1733
  414 3654 4677 2356 4872 2588 1117 2437 1037 1171 2094 1816 1356  291 3822 2503 4887 2974 3964 3006 3174 4924 3062  893 2837  264  628  480  221 4493 2758 4662 4604 3287  494  294 3409 1830 1461 2383 4010 2855 3655 2149 4538 2594 4123 4805 1165 4174  136 2331 1928 3548 2955 2787  429 4088 1930 2062 1658  622 3637 1528 4830  328 2365 3805 1455 3887 1420
 4874 1094  329 3198  976 4829 2429 1635    2 4632 3642 1861 4548 1502  245 3461 3290 2443  129 2153 4900 2753 5006   79 3990  876 1341 2662  885 3311 1633 4003  553 1249 3764  891 2436 2308 4270 1480 2553 1453 2575 2516 4281 4314  404 1781 2851  783 4199 3733 3794 1969 4696 4285 1476 1634 2265   39 4022 4342 2909 2979 4915 1456   97 1161 3412 1797 4638
 2022 3517 3217 1439  824 1745 2963  778 4613 4101 1990 5041 5008 1666 1695 3046 3178  417 4443  449  527 1409 4553 2510  637 3266 1139 4356 4849 2152  152 1230   34 3333 2141 1134 4819 4959 5028 1144 2380 1837 4126 3070 3186 3356 3098 2548 4378 3118 2354 4685 2252  606 2363 4926  680 1282 1606 3894 4817 1876 3665  846  614  330 4063  765  213  443 4090
  506 2446 3073 4669  436 1864 3958 1710 2771 1809 3947 4044 4476  604 2609 3413 2131 3807 2565 1592  397 2445  679  461 2844 1945 2039 3777 1894 3247 3924 4506 3107 2710 4580 3223 2077 1080 3589 2964 1799 2208 1654 1771  325 2106 4728 2769 3997 3057 2351 1034 1410 1570 2732 1970 2482 2085 3781 4376 4206 2558 4683 1120 1994 2261  218 4786  667 1735 2640
 4826  274 4189 4354 4444 3513 3704 3094  271 4498 5012 2515 1700 3083 4385 3893 1469  445 3369 1646   74  683 4258 3553 3226   22  145 1431  241 2083 3414  800 1046 4964  203   30 3778  276 4785 2697 2932 1042 3188 3564 1049 4308 3701 3085 4971 2400  707 3524 4564  982 2865 4931  172 3360 5004 2113 2145 3054 1725 1524 1298 4534 2103  316 4286  958  193
 4554 4519 3763  957 1716 4983 2734 2712 1475 1104 2157 1361 2288 3402 4994 4182 3723 1121  369 3959 1079 3253 2858 2323 4681 1266 1054  205 3334 2477  310 3148 4233 4875   93 3521 2276 4384   31 2111  356    1 4421 3401 4240  883  375 2226 4261 4070 2653 5017 3796 4945 3493  284 1276  410 3003 1292  465 1473 2852 2427  988 2310 2217 3907 2675 3079 2610
 4027 2832 4723  669 2943 1893  610 1834 1955 3614 3613  423 3147 2642 2112  560 3088 3435 4965 3531  809 4319 2881  763 2168 1184  312  842 3711 2307 2455 1919 4640 4367   23 4985 3688 1821 1218 1428 2444 3669 4710 3790 1337 1572 4719 3972 1843  575  159 2809  945 1902 1406  463 3687  367 4866   82  738 2570 3171 4296 3231 4745 1582 3709 4583 2319 4274
 4012 2820 2056 3139  197 3737  374 4375 4346 4488 4573 3417 3496 1400  661 2633 3161 3289  489  950 2391  974 4494 2670 2304 3690   43 1340  967 1527  773 2764 1803  198 2654 3625 3974 4749 2944 3532  255 4699  183 4168  821 3852 1185 2927 3715  407 1732 3440 1268 4700 2860 2839 3657 4190 2478 3051 2405 1110 3219  194  421 3880  551 1359 4629 4298 3469
 1071  753 2159 1297 2647  752 3309 1922  108  681 2728 1889 3645  652  795 3131 4988 3299 3355 2071 4896 4036 3007 1352 1912 4125 2624 1169 2863 4237 3954 3730 2779 4460  877 4717 3450 4743 2752 3324 2197 2602 4557 3646  382 2882 1358 2521 1641 1374 3127   87 3728 1519 3878  164 3038 4511 3388 2309 1154 1808 3344 1055  890 4447 2110 4546 1155  511 2803
  301 2127 2393 2987  702 3756 3746 1825 2631 2774 4563 2089 2093 1497 1153 2596 3357 1690 4035 1581 3848  357 4366  114 4108 2072 4409 4722 2054 1766 1892 1812 1196 1248 4272 4617 2440 4277 4072  181 2148 3639 1236 3590 2101 1372 4169 2954 1775  802 2622 4652 2041 1186 4549 3464 2139  147  186 4970  359 2201  813 4239  662 2231 1752 3987 4599 4392 2295
 2100 3255  868 4099 1116 4084 3881 2441 3859 2132  447 4242  884 5022   62 2502 2792 1198 1175 1550 4135 1281  244 3707 3340 1131 2098 4697 1679 2332 3144 4933  252 3662 2729 1477 4766 3343  124 1692  227 2746 1429 1866 2846 4203 3431 4146 4403 3391 2316  629 3193  425 1628 2099 3619 3989 1145 3684 2768 4752 2114 1507 1933 3387 3545 1574 3039 4111  371
  341  817 3874 1907 3632 1299 3128 3030 1051  405 4714 1932 2364 3727 3458 2772 2027 2118 2568 4698  334 1954 1208 4863 1787  664 3418 4097 2378 1036 2730 3087 1482 2608 1252 2533 1736 3451 4609 1616  843 3617  378 2325 4347 4264 3166 2617 2389 4390  187 4124  692 3678 4524 1305    5 3782 5035 2193 1024 4527 4930 3560 2880  208 4574 1491 2195  400 2636
 3446 3336 1807 3316 4559 3306 3050 2862 2856  116 2898 4691  349 4587 1114 1599 1819 1450  910 2826 2723 3656 1303 1397 3004  137 3658 3806 3123 4297 3379   10  975 3626 4091 1065 2169 4996  712 3096  398 2847  897  464 3394 2036  204 2506 3592 4426 3476 2817 4914 4512  925 4525 4069 2903 4148 3066  947  715 1908  922 3944 2408  138  569 4431 4645  125
 3697 3245 4463 1875 4136 1028  314 2449  757 4741 4271  754  457 4895 1965 2790 3136 3150  242 2480 4542 4568   45 2377   26  871 4155 4544 4134 2747 4196   71 2302 1399 2435 4170  792 3739 4117 3857 4427 1427 2189 2536 3053 4425 1254  162 1402 3011 3120  515 2407 3550 2754  331 2199 4305 4606 3279 1157  288 2212 2147 2104  361 5026 3543 4164  184  921
 4763  716  823 3693 2923 3339 3437 3237   59 1143 2962   75 3885 4031 2760 2890 3348  966 2711 4899 3597 1138 1972 2124 4531 1737 3319  780 1539 4603 4404 3788 1194  981 4043 2902 1113 2384 2621  806 3818 1852 1619 4791 1078  625  459 2557 2645 1991 2906 3623 3569  592 1964 3598  306 3541 3978 1982 3677 3769 2209 4278 4748 2120  554 4017  833 1521 1535
 3620 1689 2997 1952 2006 2368  761 1649 3208 4773  926 3052  472 4076 2175 1949 1227 1106  930 2681  892 2519 2696 4316 1702 1174 2873 3527  228 3824 4892   99 4078 2284  695 3925 1779 1187 4114 1178 1956 3840 4653 1265 3516 4085 2267 4171 5039 3351 3444 1517 1920 3535 3523  959 2949 4690 3957 1904 5003 1591  323 2911 1754  360 4490 1688 3605 2531  595
  675 2177 3089 4682 1500  769  590 1640 4828 1483  785 3975 1498 3276 2236  286 3586 4630 3877 4255  948 1111 2119 4153 2219 3946 3321  127  631  736 4313 1868 1095  839 4230 1958  730 2245 2915 2508 3140 4901 1559 3438  140 2028 3095 1058 4410 4709  620 1137  355 3700 2695 4845 1546 2722 1841 4621 2490 2748 3510 1705 4747 4509 4332 2916 2952 1147 3526
  686 4920 4612 1019 4825 1239 3633  265 3936  451 1013 2796 2801 3201 1518 2479 3886 3100 3017 2417 1025 2577 2473 1465 1225 4958 4280 2845 2026  498 3955 3502 4412 1859 2584 4477  638   54  236 1729 4570  366  154  678  536  758 4295 4025 1407 4486 1878  317 2556 4436  452 4402 1007 1730 2411 1293 1589 3883 2798 4781 3771 2357 4186 3735 4739 4635 2128
 3298 4832  380 2176 1615 4952 1389 2075  350  844 3080 2154 1373  416 4804 4304 1240 2333 5033 4244 3330 1433 2291 1888 2763 3634 3173 1274  507 2394 4765 1119 1396  426  777 3772 1392 4620 4128 3574 3035  474 4028 4960 4537 1853 2433 4337 3856 1069  170 4725 4326 2063 2096 1815 4214 1027 2251 2487 3261 2224  887  709 3484 1070 3926 1277 4140 2242  467